0 21
1 8
2 6
3 24
4 5
5 8 21
6 8
7 4
8 9
9 5
10 11
11 22
12 8
13 8 39
14 8
15 5
16 24
17 8
18 24
19 21
20 8
21 24
22 8
23 19 24 30
24 3
25 8
26 11 22
27 1 2
28 8
29 19 30
30 5 9 22
31 1
32 18
33 8
34 8
35 1 6
36 1 3 8 19
37 4
38 36
39 8
40 19 24
41 5
42 5
43 8
44 2
45 7 15 16
46 19
47 2
48 19
49 23
50 19
51 8 25
52 23
53 19 24
54 8
55 6
56 8
57 8
58 32
59 29
60 6 11
61 23
62 6 13 17
63 11
64 24
65 7 8 9 11 21
66 30
67 13 17 30
68 3
69 24
70 24
71 24
72 21
73 2
74 5 18 22
75 12 27
76 2 11
77 8 16
78 13 17
79 24
80 23
81 5 6
82 5 14 32 35
83 1 3
84 16
85 3 19 24
86 6 7
87 23
88 13 17
89 10
90 10 31
91 9
92 16
93 7
94 19 24
95 6
96 21
97 6 19 24
98 8 24
99 36
100 4 5
101 24
102 4 19 36
103 10
104 5 13 17
105 4
106 31
107 8 11
108 30
109 8
110 24
111 7 22
112 5 11
113 16
114 31
115 11
116 8 34
117 8
118 3
119 8
120 3
121 23
122 2 3
123 2 11
124 24
125 2 14 15
126 7
127 9 19
128 1 6 8 11 16
129 23
130 4 22
131 19
132 27
133 21
134 8 19
135 3
136 21
137 1
138 22
139 3
140 2 14
141 9
142 4 16
143 10
144 19
145 4
146 8 23 30
147 18 24
148 4 8
149 10
150 18
151 33 34
152 8 24
153 24
154 8
155 4
156 8
157 8
158 26
159 7
160 29
161 3
162 26
163 8 11
164 6
165 2
166 3 6
167 7 22 25 30
168 1
169 14
170 20 31
171 1 19 20
172 26
173 8 10 19 23 24
174 9
175 6 7 18
176 7 22
177 5
178 11
179 26
180 7
181 8
182 8
183 8
184 13 17
185 26 31
186 4 7 18 22
187 11 32
188 5 18
189 18 26
190 8
191 13 17 19 24 25
192 22
193 13 17
194 5 11
195 3
196 26
197 23
198 5 20
199 8 24
200 22
201 8
202 31 32
203 36
204 8 21
205 27
206 19 35
207 2 5
208 26
209 8
210 34
211 16
212 2
213 8 30
214 8
215 32
216 24
217 1 30
218 5 8 10 11 14 19
219 5
220 8 24 34
221 8
222 24
223 8
224 2 6 8
225 8
226 13 17
227 8
228 10 23
229 26
230 8 24
231 5 18 22
232 8
233 30 34
234 13 17
235 8
236 13 17
237 13 17
238 30
239 3 16 30
240 27
241 8
242 7 24
243 21
244 11
245 30
246 30
247 13 17
248 9 30
249 8
250 24
251 19
252 21
253 8
254 5
255 30
256 11
257 20
258 21
259 5 36
260 21
261 7 8 11
262 6
263 8
264 18 19
265 2 10 32
266 6 24
267 8
268 3
269 19
270 8 20
271 3
272 7
273 2 8
274 8
275 1 2
276 8
277 10
278 22
279 19 22 30
280 6
281 5
282 34
283 24
284 24 30
285 16 20
286 2 24 30
287 5
288 21 23
289 20
290 6
291 20
292 7 22 30
293 24
294 16 25 34
295 2 13 17
296 19
297 5
298 24
299 7 16 25
300 6 22 24
301 2 14 26
302 13 17
303 2
304 2 19 30
305 30
306 8
307 23
308 8
309 5 13 17
310 2
311 5
312 20
313 8
314 8 19
315 1 30
316 3
317 1 2 13 17
318 5
319 34
320 8 23
321 2 19
322 20
323 6 9 32
324 30
325 8
326 20
327 8 13 17
328 2
329 6
330 5
331 5 13 17 25
332 2
333 5 13 17
334 8 30
335 8
336 2 5 11
337 24 25
338 2
339 16
340 8
341 24
342 11 16 18
343 8 26
344 1
345 2
346 24
347 13 17
348 2 8 32
349 3 6 7 13 17
350 5
351 13 17
352 24
353 30
354 19
355 5
356 6 9
357 24
358 1 19 24 30
359 30
360 8
361 2 6 10
362 26
363 5 7 32
364 8
365 30
366 11 21
367 8
368 11
369 16
370 4
371 11
372 8
373 8 11
374 2 10
375 5
376 2
377 5 26
378 26
379 6
380 26
381 11
382 6 18
383 32
384 2
385 7
386 9
387 5 8
388 9 16 18 25
389 30
390 1
391 5 13 17
392 8
393 1 6
394 24 30
395 11
396 2
397 8
398 24 30
399 8 26
400 5
401 27
402 23
403 16
404 2 10 26
405 5
406 8
407 8
408 7 8
409 13 17 34
410 3 5
411 18
412 8 24
413 19
414 6 10
415 8 13 17
416 11
417 11 13 17
418 8
419 8
420 19 24 30
421 20
422 31 32
423 2
424 16
425 7
426 2
427 24
428 1 8 19
429 11
430 13 17
431 8
432 8
433 8 35
434 19
435 19 24
436 13 17
437 9 26
438 8 11
439 8 19
440 21
441 8
442 6 8
443 20
444 3 6
445 19
446 6 7 31 34
447 9
448 8 19 29
449 32
450 24
451 3 5
452 5
453 7
454 23
455 23
456 2
457 8 19
458 32
459 3
460 19 24
461 4 5
462 2 8
463 7 8
464 26 29
465 18
466 16
467 13 17
468 9
469 5
470 13 17 24
471 5
472 2 11 18
473 11
474 18
475 13 16 17 22
476 24
477 6
478 2 7
479 24
480 26
481 3 11 35
482 5 13 17
483 16 22 24
484 16
485 5 24
486 6 21
487 4 6 22
488 8 11
489 7
490 2 20 32
491 19 24
492 20
493 16
494 8
495 3
496 5
497 2 6
498 8
499 16
500 8
501 2
502 8 24 30
503 12
504 3 5 6 11
505 1 24
506 2 5 9 16 20 32
507 8 10 23
508 5
509 19 24 30
510 20
511 20
512 23
513 5
514 18 20
515 8 30
516 8
517 5
518 8 22
519 8
520 18
521 13 17
522 16 30
523 8
524 11
525 8 11
526 2 22
527 8 20
528 2
529 13 17
530 8
531 2
532 23
533 27
534 19 22
535 9 11
536 26
537 7
538 2 10
539 8 19
540 24 30
541 16 23 24
542 2
543 5 8 19
544 8 35
545 7 11
546 8
547 8
548 3
549 2 13 17
550 26
551 9
552 6
553 18
554 8
555 8 19
556 26
557 6
558 22
559 2 36
560 8 24 30
561 6
562 20
563 10
564 36
565 1 4
566 7
567 13 17
568 8
569 27
570 10
571 7
572 7
573 8 24
574 19
575 3 10 27
576 7
577 8
578 27
579 13 17
580 18
581 26
582 8
583 7 20
584 5 19 20
585 2
586 4 5 13 17
587 8
588 4 10 20 31 32
589 26
590 10
591 1 9
592 15
593 2
594 1 8 29
595 8 25
596 11
597 5 8 26 32
598 22
599 7
600 2
601 8
602 11
603 15 16 19
604 6
605 13 17
606 2 8 18 28 32
607 22
608 30
609 8
610 6
611 5 13 17
612 27
613 26
614 2
615 2
616 7 19 22
617 5 13 16 17 30
618 4
619 8
620 1 2 9 13 17 20 23 26
621 8
622 5
623 2 20 30
624 10
625 6 22
626 11 14
627 1
628 22
629 31
630 8
631 10
632 5
633 13 17
634 30
635 30
636 7
637 2
638 24
639 24 30
640 8 18
641 3
642 31
643 5
644 16 32
645 4 32
646 8 14 19
647 2
648 16 20 27 32
649 30
650 5
651 29
652 24
653 4 9 18 33
654 6
655 13 17
656 2
657 8
658 32
659 3
660 24
661 7
662 24
663 27
664 10
665 30
666 13 17
667 19 24
668 2 6 26
669 24
670 2 13 17
671 24
672 8
673 8
674 16
675 6 16 24
676 2
677 19 24
678 3 35
679 23
680 2 18
681 4 10
682 9
683 8
684 8
685 11
686 5 15 20 26
687 5
688 11
689 13 14 17
690 8 39
691 22
692 10 11
693 13 17
694 7
695 11
696 2 8
697 5 8
698 24
699 8
700 2 32
701 8 16
702 8
703 19 24
704 22
705 24
706 6
707 4 6 22
708 30
709 5
710 3
711 31 32
712 13 17 18 33
713 26
714 3
715 11
716 3
717 8 35
718 6 10 12 24
719 24
720 8
721 26
722 9
723 2
724 8 21
725 18
726 30
727 1 30
728 2 20
729 8
730 8
731 5
732 32
733 13 17
734 16 18 21 24
735 5 13 17 24
736 5 24
737 24
738 6 7 10 11 12 14 22 32
739 8
740 7
741 1 6 10 18
742 13 17
743 3 23
744 19 24
745 8
746 7
747 20
748 1
749 7
750 3
751 13 17
752 10
753 19 24
754 5 8
755 7 8
756 26
757 8
758 3
759 6
760 8
761 5
762 2
763 14
764 11
765 4 8
766 9 24
767 19 24
768 10
769 18
770 23
771 4
772 2 32
773 8
774 2
775 26
776 19
777 24
778 2 8 10 34
779 8 19 24
780 7 19 24
781 23
782 16
783 11
784 24 30
785 3 26 34
786 6
787 20
788 30
789 24
790 9
791 6 13 17
792 13 17
793 3 9
794 24
795 5 10
796 1 22
797 2 11
798 2
799 8
800 18
801 2 9
802 1 5 11 20
803 23 24
804 3 11 34
805 7 8 11 13 17 22
806 8
807 6
808 14
809 7 22
810 2 6 27 32
811 18 25
812 21
813 2
814 6 10
815 23
816 24 28
817 19 22 30
818 22
819 8
820 9
821 7
822 3 21
823 7
824 8 16
825 8
826 2 6
827 5
828 8
829 10
830 1 30
831 7 13 17
832 6
833 15
834 3
835 22
836 4
837 18 26
838 7
839 12
840 2
841 4 9
842 26
843 24
844 16
845 26
846 19 24
847 13 17 22
848 2
849 8
850 28
851 9
852 18
853 21
854 8
855 2
856 22
857 26
858 6
859 24
860 34
861 5
862 5 18 22
863 32
864 35
865 6 27
866 11 19 24
867 2 3 7 12 13 14 17 20 24 28 32
868 8
869 5
870 8
871 30
872 20 35
873 7
874 10
875 11
876 26 32
877 9
878 5 8 10
879 9 18
880 32
881 24
882 18
883 8
884 11
885 2
886 5 19 22
887 21
888 32
889 2
890 3
891 29
892 20
893 5 10
894 5 13 17
895 1 7
896 35
897 32
898 8
899 11
900 1 11 19 24
901 8
902 2
903 1 3 18
904 32
905 2 31
906 9
907 8 10 32
908 7
909 11
910 19
911 1 30
912 5 26
913 33
914 10
915 10
916 7 11 13 15 17 33
917 3 26 30
918 5 19 24
919 8 28
920 2
921 8 10 11 19 26
922 18
923 3
924 2 11
925 2
926 2 10
927 20
928 6 11 13 14 17 18 26 28
929 8
930 5
931 6
932 26
933 8
934 7 8
935 6
936 10 32
937 20
938 5
939 2
940 12
941 19 24
942 3
943 6 7 14 23 34
944 23
945 30 34
946 8
947 5
948 26
949 19 24
950 24
951 4
952 14
953 24
954 14
955 5
956 3 6
957 21
958 4
959 8
960 2 32
961 26
962 24
963 8 10 19
964 2
965 26
966 5 14
967 24
968 3 5 8 13 17
969 2
970 3
971 2
972 30
973 8 23
974 5
975 15
976 8
977 5 19
978 2
979 8 10
980 8
981 24
982 2 10
983 6
984 8
985 5 8 19
986 3 33
987 13 17 20 32
988 6 19 26
989 2
990 5 6 7 24
991 8 11
992 4
993 24
994 8
995 10
996 8 14 19 25
997 3 7 13 14 17 34
998 11 13 17
999 26
1000 24
1001 14
1002 6
1003 32
1004 3
1005 5
1006 20
1007 8
1008 6
1009 2 10
1010 23
1011 5
1012 5
1013 13 17 24
1014 9
1015 19
1016 5
1017 1 2 6
1018 8
1019 2
1020 6 10 20
1021 8
1022 7 34
1023 5
1024 2
1025 2 14
1026 13 17
1027 7
1028 14
1029 8 10 27
1030 11
1031 7
1032 1 7 10
1033 5
1034 8
1035 2
1036 2 3
1037 11
1038 3
1039 7
1040 4
1041 10 19 24 25
1042 2
1043 19
1044 8 23
1045 7 8
1046 31 32
1047 20 32
1048 21
1049 28 32
1050 5
1051 20
1052 37
1053 3 14
1054 5
1055 5 24
1056 5
1057 8
1058 6
1059 8
1060 8 23
1061 36
1062 26
1063 7 22
1064 8
1065 3 7
1066 30
1067 20
1068 23
1069 4 15
1070 5
1071 6 13 17
1072 5 19 24
1073 5
1074 8 24
1075 2 5
1076 3
1077 8 10
1078 1
1079 19 24
1080 3
1081 10
1082 9
1083 13
1084 11
1085 3 6
1086 18 22
1087 5 13 17
1088 4 8 20
1089 5
1090 29
1091 8 11
1092 4 13 17 24
1093 10
1094 6
1095 7
1096 2 6 29
1097 14
1098 8
1099 5
1100 6
1101 8
1102 5
1103 21
1104 8
1105 24
1106 7 22
1107 2 10
1108 27
1109 2 8
1110 21
1111 7
1112 5 20
1113 26
1114 6
1115 30
1116 23
1117 8
1118 8
1119 14
1120 24
1121 2
1122 24
1123 16 19
1124 11
1125 2
1126 11 22
1127 8
1128 2 8
1129 19 24
1130 29
1131 5 24
1132 33
1133 6 11 14
1134 22
1135 8
1136 2 8
1137 19
1138 2 7 11 13 17 18
1139 22 30
1140 20 32
1141 24
1142 3
1143 5
1144 13 17
1145 5 11
1146 8 13 17
1147 27
1148 8
1149 3
1150 8
1151 11
1152 2 7 8
1153 2
1154 8
1155 1
1156 5
1157 3 8
1158 4 5 8 14 34
1159 19 24
1160 5
1161 8
1162 8
1163 3 21
1164 26
1165 2
1166 6
1167 26
1168 11
1169 5
1170 23
1171 20 28 32
1172 3 10 26
1173 6
1174 8
1175 18
1176 30
1177 7
1178 1 32
1179 4 5 31
1180 26
1181 24
1182 8
1183 8
1184 8
1185 8
1186 25
1187 7 33
1188 5
1189 8
1190 5
1191 8
1192 22
1193 22
1194 24
1195 8 11 19 24
1196 5
1197 2
1198 3
1199 3
1200 18
1201 8 11
1202 2 32
1203 2
1204 14
1205 5 21
1206 8 30
1207 4 8
1208 11 22
1209 8
1210 2
1211 7
1212 26
1213 24
1214 2 10
1215 26
1216 8
1217 2
1218 2
1219 2
1220 5
1221 24 35
1222 8
1223 3 11
1224 2 8
1225 8 24
1226 20
1227 8
1228 11
1229 6 8
1230 8
1231 3 6
1232 8 18
1233 8
1234 3 10
1235 11
1236 5
1237 2 3
1238 6
1239 19 24
1240 20
1241 27
1242 25
1243 5 13 17
1244 9
1245 14
1246 30
1247 2
1248 5 7
1249 35 39
1250 23
1251 26
1252 6
1253 8 30
1254 8 10
1255 5
1256 20
1257 11
1258 4 5
1259 14
1260 5
1261 6 9
1262 8 19
1263 13 17
1264 13 17 24
1265 19
1266 2 19 32
1267 24
1268 6 24
1269 4 5
1270 9 18
1271 5 8
1272 9 23
1273 30
1274 8 11
1275 31
1276 19
1277 10
1278 23
1279 19
1280 5
1281 10
1282 3
1283 8
1284 8
1285 6 18 22
1286 34
1287 6
1288 19
1289 24
1290 20
1291 2 8 10
1292 8
1293 26
1294 3
1295 8 13 17
1296 4 20
1297 8
1298 3
1299 6
1300 32
1301 10
1302 3
1303 2
1304 22
1305 7
1306 3
1307 8 9 32
1308 10 32
1309 30
1310 8 19
1311 8
1312 9
1313 14
1314 31
1315 24
1316 8
1317 8
1318 5 13 17
1319 3
1320 21
1321 18
1322 24
1323 5 11
1324 3 13 17
1325 2
1326 8
1327 8 15 16 22 24
1328 21
1329 8
1330 24
1331 8 11
1332 5
1333 6
1334 8
1335 33
1336 22 24
1337 32
1338 23
1339 22
1340 16
1341 6
1342 20
1343 39
1344 20
1345 13 17 26
1346 11
1347 6
1348 3
1349 5
1350 23
1351 11
1352 6
1353 5
1354 5
1355 24
1356 32
1357 19 24
1358 19 24
1359 13 17 19
1360 24
1361 20
1362 8
1363 8 9
1364 8
1365 5
1366 24 25
1367 24
1368 10
1369 23
1370 24
1371 26
1372 5
1373 19
1374 13 17
1375 6
1376 3 6 21 24
1377 30
1378 35
1379 2 10
1380 8
1381 13 17
1382 19 24
1383 8
1384 18
1385 19 24
1386 2
1387 13 17
1388 9
1389 19
1390 24
1391 19 25
1392 2
1393 2 5
1394 19 24
1395 14
1396 1
1397 3 9 21 32
1398 26
1399 8 9 13
1400 24
1401 8
1402 13 17
1403 8
1404 5
1405 30
1406 26
1407 3 6 7
1408 26
1409 19 30
1410 30
1411 10 19
1412 7
1413 8
1414 2 6
1415 9
1416 3 8
1417 16
1418 21
1419 3 6
1420 6 16 24
1421 24
1422 8
1423 24 30
1424 13 17
1425 9
1426 2
1427 2
1428 2
1429 3
1430 3
1431 2
1432 2 3 6 11 14
1433 6 9
1434 7 8 19
1435 11
1436 10
1437 8
1438 1 7 22
1439 2
1440 3 6 22 24 27
1441 5
1442 32
1443 6
1444 3
1445 19
1446 8
1447 8
1448 8
1449 21 24
1450 8
1451 11
1452 4
1453 2
1454 18
1455 8 24
1456 24
1457 20
1458 8 18
1459 20
1460 2
1461 24 30
1462 14
1463 19 22
1464 39
1465 8
1466 24
1467 6 23
1468 5
1469 8 11
1470 18 30
1471 19
1472 6 9 31
1473 3 28
1474 31
1475 19
1476 4 8
1477 7
1478 8
1479 5 23
1480 2
1481 2 10
1482 11
1483 9
1484 30
1485 5
1486 11
1487 2
1488 9
1489 5
1490 10 18
1491 8
1492 8 30
1493 3 6 20
1494 8
1495 7
1496 19
1497 8
1498 24
1499 32
1500 8
1501 23
1502 7 11
1503 22
1504 6 14
1505 7
1506 24
1507 24
1508 16 19
1509 2
1510 4
1511 7 19
1512 2 9
1513 5
1514 5
1515 7
1516 21
1517 2 8 21
1518 24 32
1519 9
1520 10
1521 2 3 9
1522 6
1523 19
1524 7
1525 8
1526 32
1527 8
1528 4 22
1529 23
1530 19 24
1531 8 30
1532 7
1533 2 32
1534 8 24
1535 5
1536 31
1537 1
1538 34
1539 8
1540 8 23
1541 8 35
1542 5
1543 9
1544 30
1545 2
1546 8 10
1547 11
1548 5
1549 35 39
1550 8 11
1551 10
1552 32
1553 7
1554 24 34
1555 10
1556 26
1557 8
1558 8
1559 32
1560 8
1561 8
1562 22
1563 23
1564 19
1565 8 22
1566 31
1567 11
1568 5
1569 23
1570 9
1571 16
1572 6 8
1573 10
1574 9
1575 22
1576 9
1577 3 8 16
1578 35
1579 9
1580 23
1581 30
1582 2
1583 3
1584 24 26
1585 5
1586 2 32
1587 3
1588 8 15
1589 13 17
1590 8
1591 5
1592 4
1593 14
1594 26
1595 8
1596 8
1597 4 22 26 32
1598 30
1599 6 8 22
1600 9
1601 8
1602 8
1603 3
1604 8 20
1605 22
1606 7
1607 2
1608 8
1609 5 11 13 15 17
1610 8
1611 2
1612 35
1613 11
1614 13
1615 24
1616 23
1617 32
1618 23
1619 8
1620 23
1621 7
1622 13 17
1623 5
1624 31
1625 6 13 17
1626 2
1627 32
1628 8
1629 11
1630 10
1631 8
1632 9
1633 8
1634 3
1635 9 29
1636 1
1637 5
1638 2
1639 10
1640 8 10 19
1641 9
1642 3
1643 1 5 7 8 22 24 30
1644 13 17
1645 8
1646 1
1647 5
1648 19
1649 7
1650 30
1651 7
1652 10
1653 21
1654 21
1655 8
1656 24
1657 8 32
1658 20
1659 8
1660 8
1661 8
1662 19
1663 1 24
1664 5 8 24
1665 5
1666 23
1667 5
1668 2
1669 21
1670 8
1671 30
1672 14
1673 2 10
1674 5
1675 2
1676 18
1677 10 19 22 24 30
1678 32
1679 10
1680 3 5
1681 21
1682 19
1683 3
1684 4
1685 3
1686 9
1687 5
1688 5
1689 23
1690 18
1691 22
1692 8 32
1693 7
1694 8
1695 30
1696 2
1697 8
1698 11
1699 2
1700 5
1701 18
1702 24
1703 5
1704 24
1705 8 20 22 23
1706 2 10
1707 8
1708 8
1709 30
1710 30
1711 24
1712 8
1713 8 23
1714 24
1715 3
1716 18
1717 3
1718 18
1719 3
1720 5
1721 21
1722 8
1723 3 5 6 11 32 36
1724 2 6 10
1725 5
1726 20
1727 8
1728 4
1729 27
1730 2
1731 5 10
1732 3
1733 7 22
1734 3
1735 13 17
1736 8 21
1737 24
1738 8
1739 2 11
1740 8
1741 16
1742 8 30
1743 18
1744 6 9 11
1745 7
1746 7
1747 2
1748 20
1749 9
1750 2
1751 8
1752 30
1753 24
1754 5 8 32
1755 24
1756 8
1757 8 19 24
1758 6
1759 27
1760 8
1761 37
1762 8 19 20 32
1763 2
1764 6 18
1765 8
1766 20
1767 5
1768 9 35
1769 8
1770 3 8
1771 27
1772 3 5
1773 16
1774 8
1775 20
1776 22
1777 30
1778 8
1779 24
1780 32
1781 22
1782 24
1783 26
1784 8
1785 8
1786 1 2
1787 16
1788 9
1789 19 24
1790 13
1791 31
1792 3
1793 14
1794 8 16 19 30
1795 21
1796 19 24
1797 8
1798 18 19
1799 8
1800 26
1801 27
1802 5
1803 2
1804 14
1805 24
1806 10
1807 20
1808 8
1809 3 23
1810 2 7
1811 8 24
1812 23
1813 24
1814 18
1815 2
1816 10
1817 27
1818 27
1819 9
1820 8
1821 7
1822 5
1823 24
1824 11
1825 2 3 7
1826 11
1827 10
1828 19 30
1829 8
1830 5 13 17
1831 2
1832 5
1833 8
1834 7
1835 24
1836 11
1837 21
1838 2
1839 32
1840 21
1841 5
1842 2
1843 8
1844 8
1845 6 8 30
1846 11
1847 8
1848 5 14 24
1849 20
1850 6 29 37
1851 2
1852 8
1853 8
1854 30
1855 2 3
1856 30
1857 20
1858 19
1859 5
1860 7 13 17 36
1861 10
1862 10
1863 3
1864 30
1865 37
1866 7 13 17
1867 4 8
1868 35
1869 6 22
1870 8 11 23
1871 24
1872 24
1873 2
1874 32
1875 13 17
1876 5
1877 11
1878 8
1879 24
1880 5
1881 30
1882 5
1883 30 32
1884 8
1885 32
1886 8 9 15
1887 7 26
1888 8
1889 5
1890 27
1891 35
1892 8 19 24
1893 11 20
1894 23
1895 5
1896 13 17
1897 2 8 23
1898 6 30
1899 5
1900 9
1901 11
1902 27
1903 10 11
1904 24
1905 32
1906 24
1907 23
1908 26
1909 8
1910 6
1911 26
1912 2
1913 2 21
1914 5
1915 8
1916 22
1917 3 31 32
1918 8
1919 21
1920 7
1921 13 17
1922 7
1923 2
1924 8
1925 8
1926 24
1927 30
1928 29
1929 24
1930 9
1931 7
1932 5 13 17
1933 11 14
1934 10
1935 6 13 17
1936 24
1937 21
1938 29
1939 32
1940 21
1941 10
1942 8
1943 3 11
1944 8
1945 23
1946 8
1947 11
1948 13 17
1949 8
1950 23
1951 5
1952 22
1953 24
1954 8
1955 8
1956 26
1957 20
1958 24
1959 8
1960 21
1961 36
1962 12
1963 8
1964 18
1965 24
1966 11
1967 18
1968 24
1969 16
1970 4
1971 5
1972 18
1973 6
1974 8
1975 8
1976 13 17
1977 2
1978 12
1979 2 26
1980 8
1981 7
1982 8
1983 29
1984 11
1985 8 10 27
1986 7
1987 27
1988 8 32
1989 2
1990 11
1991 32
1992 32
1993 8
1994 5
1995 6
1996 3 30
1997 20
1998 2 14
1999 8 19 32
2000 7
2001 8
2002 11
2003 1 2
2004 28
2005 18
2006 16
2007 7
2008 9
2009 5
2010 14
2011 24
2012 5 23 24
2013 3
2014 4 7
2015 7
2016 2 24
2017 10
2018 18
2019 10
2020 9
2021 8
2022 8
2023 3
2024 11 13 17
2025 7
2026 13 17
2027 5
2028 10
2029 30
2030 6 9
2031 5
2032 6
2033 20
2034 5 8
2035 24
2036 4 10 14
2037 5
2038 4 27
2039 8
2040 6
2041 22
2042 6 26
2043 32
2044 5
2045 26
2046 8
2047 14
2048 11
2049 2
2050 26
2051 24
2052 10
2053 7
2054 20 31
2055 30
2056 6
2057 26
2058 3
2059 7
2060 2 11
2061 6
2062 22
2063 23
2064 11
2065 13 17
2066 7
2067 11 22
2068 10 20
2069 8
2070 5
2071 7
2072 8
2073 1
2074 10
2075 11 14
2076 8
2077 18 22
2078 2
2079 8
2080 3
2081 30
2082 24
2083 2 10
2084 1 11 13 17
2085 2 20 22
2086 30 34
2087 30
2088 29
2089 8
2090 26
2091 2 4 10
2092 5
2093 24
2094 31 32
2095 31
2096 24
2097 8
2098 3
2099 3
2100 20
2101 32
2102 6 8
2103 6
2104 8
2105 8
2106 13 17
2107 2
2108 2
2109 4 7
2110 19
2111 13
2112 8
2113 2 3 10
2114 3
2115 8
2116 4
2117 8 16 23 24 26
2118 7
2119 9
2120 26
2121 23
2122 4
2123 6
2124 18
2125 24
2126 3 7
2127 5
2128 23
2129 10
2130 24
2131 22
2132 8
2133 8
2134 10
2135 5
2136 23
2137 2
2138 7 32
2139 2 14
2140 7 8 30
2141 2
2142 14
2143 26
2144 11
2145 24
2146 8
2147 9
2148 32
2149 14
2150 3
2151 2
2152 2
2153 7
2154 8
2155 8
2156 26
2157 8
2158 8
2159 8
2160 4 8
2161 22
2162 9
2163 3
2164 7
2165 30
2166 20
2167 8
2168 4
2169 2
2170 8
2171 5
2172 7
2173 5
2174 24
2175 2 14
2176 19
2177 10 16 19
2178 8
2179 20
2180 8
2181 8
2182 22
2183 7 22
2184 10
2185 4 11
2186 30
2187 10
2188 9 11
2189 19 20 22
2190 6 20
2191 4 16
2192 9
2193 26
2194 24
2195 2
2196 6 22
2197 10
2198 22
2199 4
2200 3
2201 8
2202 3 5
2203 4
2204 18
2205 2 8
2206 18
2207 5
2208 8
2209 5 9 19
2210 7 31
2211 8 23
2212 2 28 38
2213 24
2214 2
2215 7
2216 10
2217 8
2218 6
2219 3 8 14
2220 8
2221 11
2222 8 11
2223 7
2224 3 6 24
2225 5
2226 8
2227 16
2228 27
2229 5
2230 3 9
2231 21
2232 21
2233 3
2234 35
2235 9
2236 7
2237 22
2238 24
2239 23
2240 8 19
2241 4 8
2242 11
2243 32
2244 2
2245 1
2246 8 10
2247 23
2248 3
2249 10
2250 5
2251 8
2252 26
2253 8
2254 3
2255 2
2256 2
2257 19 30
2258 30
2259 22
2260 27
2261 34
2262 11
2263 27
2264 8
2265 3 22
2266 5
2267 36
2268 8
2269 20
2270 6 11 14
2271 10
2272 2 32
2273 8
2274 21
2275 7
2276 4
2277 8
2278 5
2279 4
2280 24
2281 6 9
2282 8
2283 26
2284 4
2285 20
2286 8
2287 30
2288 23
2289 3
2290 31
2291 8 19
2292 3
2293 2 7 22
2294 2
2295 2
2296 7
2297 32
2298 7 8 9
2299 8
2300 2
2301 23
2302 12
2303 30
2304 8
2305 11
2306 1 8 24
2307 5
2308 3
2309 2
2310 9
2311 8
2312 5 13 17
2313 4 26
2314 8
2315 6
2316 4 13 17 18
2317 7 24
2318 3
2319 24
2320 23
2321 30
2322 5 11
2323 5
2324 4
2325 8
2326 5 8
2327 8
2328 2
2329 18
2330 19
2331 9
2332 3
2333 26
2334 30
2335 14 27
2336 7 18
2337 34
2338 24
2339 2 5 7 10 11 20 32
2340 24
2341 8
2342 5
2343 8 10
2344 11
2345 8
2346 10
2347 23
2348 8
2349 7 10
2350 8
2351 8
2352 7 26
2353 19
2354 11
2355 13 17
2356 20
2357 5
2358 28
2359 32
2360 30
2361 8
2362 24
2363 7 30
2364 9
2365 4
2366 8 19
2367 19
2368 6 19 25 30 32
2369 10
2370 5
2371 26
2372 5 23
2373 22
2374 5
2375 13
2376 8
2377 30
2378 3
2379 14
2380 8
2381 37
2382 13 17 19 24
2383 1
2384 10
2385 6
2386 2
2387 20
2388 24
2389 10
2390 19 24
2391 8
2392 8
2393 18
2394 5
2395 26
2396 5
2397 8 24
2398 8
2399 3 8
2400 8
2401 5
2402 9 24
2403 2 7 10
2404 5 8 24
2405 16 33
2406 31 32
2407 3
2408 2
2409 6
2410 20
2411 6
2412 8
2413 24
2414 4
2415 8
2416 27
2417 8
2418 8
2419 9
2420 22
2421 11
2422 11
2423 11 22
2424 23
2425 20
2426 5
2427 9
2428 8
2429 5
2430 8 19 27
2431 5 27
2432 2 7
2433 5 10 13 17 20
2434 24
2435 4 8
2436 11
2437 31
2438 8
2439 18
2440 26 32
2441 2 19
2442 13 17
2443 3
2444 3
2445 9
2446 22
2447 8
2448 2
2449 21
2450 32
2451 6
2452 2 26
2453 2 8 11 30
2454 2
2455 8 23
2456 22
2457 3
2458 14
2459 5 11
2460 8 11 19 26
2461 14
2462 30
2463 6
2464 1 15 19
2465 8
2466 8
2467 8
2468 2
2469 18
2470 2
2471 24
2472 9
2473 7 14
2474 3 9
2475 26
2476 9
2477 5
2478 5
2479 3
2480 7
2481 9
2482 8
2483 10
2484 32
2485 23
2486 11 26
2487 2
2488 3
2489 8
2490 8
2491 7
2492 14
2493 24
2494 6 8
2495 2 10
2496 24
2497 8
2498 10
2499 2
2500 13 17 19
2501 14
2502 11
2503 8
2504 4
2505 13 15 17
2506 1
2507 32 37
2508 4
2509 8
2510 5
2511 8
2512 2 3 6 14 16
2513 8
2514 8
2515 8
2516 2
2517 13 17 23
2518 24
2519 2
2520 5
2521 2 8 9
2522 21
2523 33
2524 13 17 23
2525 6
2526 24
2527 16
2528 1 22
2529 23
2530 34
2531 3 20 32
2532 2 6 26
2533 26
2534 24
2535 9
2536 8
2537 35
2538 24
2539 18 24
2540 8
2541 5 8
2542 2 3 10
2543 8 20
2544 8
2545 14
2546 19 24
2547 10
2548 26
2549 8
2550 24
2551 3 4 19 25
2552 7 11 13 17 33
2553 5
2554 13
2555 24
2556 8
2557 6 9 10
2558 24
2559 11
2560 6
2561 2 24
2562 19
2563 6 7 18
2564 20 32
2565 19
2566 22
2567 4
2568 24
2569 3
2570 16
2571 30
2572 7
2573 8
2574 24
2575 24
2576 8 9 24 26
2577 16 19
2578 24
2579 7 9 11 14
2580 5
2581 2
2582 7
2583 5
2584 5
2585 2
2586 10
2587 32
2588 5
2589 8 27
2590 5
2591 3
2592 5 24
2593 6
2594 8 24
2595 6
2596 22
2597 7 21
2598 9 23
2599 7 8
2600 9 32
2601 5
2602 9
2603 8 20
2604 26
2605 8
2606 2 4
2607 13 17
2608 8
2609 32
2610 24
2611 3 8 16
2612 24
2613 24
2614 8
2615 23
2616 6
2617 24 31
2618 9
2619 21
2620 11 24
2621 31 32
2622 2
2623 4
2624 11
2625 8
2626 4 7
2627 5
2628 1 22 24
2629 30
2630 6 16
2631 5 10
2632 2
2633 5 13 17
2634 8
2635 13 17
2636 20 36
2637 32
2638 2
2639 25
2640 5
2641 26
2642 8
2643 21
2644 1
2645 2
2646 8
2647 8
2648 23
2649 20
2650 11
2651 5
2652 2
2653 13 17
2654 22
2655 8
2656 10
2657 6
2658 21 24
2659 14
2660 24
2661 6
2662 18
2663 34
2664 2
2665 13 17
2666 4
2667 7 20 22
2668 7
2669 22 30
2670 3 13 17 19
2671 1 7
2672 8
2673 8
2674 8
2675 2
2676 11
2677 5
2678 20
2679 10
2680 8
2681 8
2682 18
2683 5
2684 9
2685 4 6 13 17
2686 21
2687 6
2688 13 17
2689 3
2690 7 18
2691 7 8
2692 2
2693 8
2694 19
2695 5
2696 7
2697 16 19
2698 7 27
2699 8 30
2700 8 11
2701 2
2702 3
2703 4 7
2704 8 33
2705 30
2706 24
2707 26
2708 7 8
2709 6 20 34
2710 26
2711 8 19
2712 5
2713 30
2714 26
2715 38
2716 8
2717 8 10
2718 26 33
2719 14 32
2720 20 32
2721 5
2722 26
2723 11 14
2724 4
2725 5
2726 6
2727 14
2728 5 32 35
2729 8 19 20
2730 35
2731 20
2732 11
2733 8 11 19
2734 3
2735 8
2736 5
2737 24
2738 8
2739 26
2740 6
2741 7
2742 8
2743 8
2744 6
2745 6 8
2746 23
2747 11
2748 8
2749 5 8
2750 8
2751 9
2752 8
2753 3
2754 13 17
2755 19
2756 23
2757 23
2758 19 24
2759 23
2760 2 28
2761 25
2762 19 24
2763 24
2764 5
2765 3 8 10 19 30
2766 3
2767 32
2768 24
2769 11
2770 27
2771 1 30
2772 24
2773 30
2774 19 24
2775 22
2776 6
2777 11 25 30
2778 2 11 25
2779 32
2780 6 19
2781 8
2782 19 24
2783 24
2784 11
2785 4 8
2786 11
2787 13
2788 8
2789 2
2790 24
2791 6 8
2792 6 14
2793 11
2794 8
2795 9
2796 18
2797 23
2798 23
2799 8 14
2800 6
2801 2 11
2802 8
2803 7
2804 30
2805 4 5 8 13 17
2806 23
2807 8
2808 7
2809 2 11 16 19 24
2810 8
2811 29 32
2812 20
2813 2
2814 10
2815 2
2816 7 8 22
2817 5
2818 2
2819 10
2820 24
2821 20
2822 24 30
2823 3 8
2824 5 10 13 14 17
2825 3
2826 16
2827 30
2828 32
2829 3 8
2830 20
2831 10
2832 11
2833 5
2834 2 9
2835 5 24
2836 8
2837 31
2838 6
2839 8
2840 8
2841 19 30
2842 24
2843 27
2844 8
2845 8
2846 1 19
2847 10
2848 13 14 17 22
2849 1
2850 7 35
2851 7
2852 2
2853 3
2854 14
2855 2 10
2856 10
2857 3
2858 9
2859 6
2860 6 8
2861 8
2862 20
2863 8
2864 6
2865 8
2866 30
2867 11
2868 2
2869 7 22
2870 14
2871 18
2872 3
2873 2
2874 8
2875 8
2876 8 24
2877 22 24
2878 30
2879 3
2880 8
2881 2
2882 8
2883 5
2884 32
2885 8 23
2886 5
2887 4 6 19 24
2888 8 30
2889 9
2890 30
2891 8
2892 8 19 24
2893 6
2894 24
2895 6
2896 5
2897 29
2898 26
2899 8
2900 26
2901 23
2902 9
2903 7 22 24
2904 6 30
2905 8
2906 2 6 21 24
2907 2 6 20
2908 13 17
2909 24 30
2910 2
2911 9
2912 1 16
2913 8
2914 11
2915 2
2916 23
2917 7
2918 20
2919 20
2920 3
2921 32
2922 34
2923 6
2924 8
2925 7
2926 34
2927 5
2928 13 17
2929 19 24
2930 8
2931 9
2932 8
2933 4
2934 24
2935 16
2936 19
2937 1 2
2938 9
2939 6
2940 2 6
2941 8
2942 6
2943 34
2944 32
2945 1 6 18
2946 24
2947 8
2948 7
2949 7 13 14 17 18 33 36
2950 36
2951 8
2952 2 10 32
2953 7
2954 5
2955 8
2956 8 19
2957 16
2958 13 17
2959 23
2960 5
2961 19
2962 20
2963 6
2964 8 23
2965 22
2966 22 30
2967 6
2968 2
2969 2 14
2970 9
2971 25
2972 24
2973 22
2974 24
2975 13 17
2976 5
2977 8
2978 8
2979 14
2980 32
2981 13 17
2982 8 32
2983 16
2984 3
2985 10
2986 7
2987 3 32
2988 11 15 30
2989 24 34
2990 21
2991 4
2992 7
2993 2
2994 3
2995 20
2996 5 19
2997 6
2998 2 10 20
2999 14
3000 10
3001 23
3002 8 30
3003 27
3004 8 22
3005 9
3006 24
3007 2 3 32
3008 8 19
3009 7
3010 8 22
3011 6
3012 24
3013 24
3014 19
3015 8
3016 8
3017 32
3018 30
3019 10
3020 21
3021 24
3022 8
3023 11
3024 32
3025 16
3026 8
3027 7
3028 18
3029 3 30
3030 32
3031 2
3032 3
3033 32
3034 11 19
3035 30
3036 1 3 5 8 19 23 37
3037 8
3038 24
3039 8
3040 9
3041 8
3042 10 24
3043 8
3044 3 6 19 24 31 32 37
3045 11
3046 31
3047 6
3048 3
3049 8
3050 30
3051 8 19
3052 24
3053 18
3054 1 18
3055 6
3056 24
3057 11
3058 24
3059 10
3060 29
3061 36
3062 32
3063 8
3064 26
3065 32
3066 6
3067 20
3068 11
3069 19 24 27
3070 35
3071 2
3072 16 24
3073 10
3074 24
3075 8
3076 7
3077 5 19
3078 8
3079 30
3080 24
3081 5
3082 24
3083 6
3084 6
3085 2
3086 9
3087 10 11
3088 8
3089 1
3090 10 19
3091 9
3092 2
3093 24
3094 8 16 23
3095 3
3096 30
3097 24
3098 8
3099 24
3100 9
3101 1
3102 3
3103 32
3104 3
3105 8
3106 24
3107 23
3108 3
3109 13 17
3110 3
3111 9
3112 2 6
3113 24 30
3114 7
3115 8
3116 30
3117 19
3118 5 19
3119 5
3120 2 3
3121 8 10 19 23
3122 2
3123 5
3124 24
3125 8 30
3126 22
3127 5 13 17 37
3128 18
3129 10 23
3130 10
3131 2
3132 2
3133 4 16 20
3134 24
3135 22 23
3136 8 11
3137 8
3138 16 19 24
3139 13 17 29 36
3140 16 36
3141 1 13 17
3142 12
3143 22
3144 7
3145 30
3146 20
3147 8
3148 2
3149 5
3150 2 10 23
3151 9
3152 13
3153 5
3154 24
3155 24
3156 26
3157 32
3158 35
3159 6 10 18
3160 32
3161 9
3162 3 20
3163 24
3164 23
3165 2
3166 7
3167 8
3168 2
3169 8
3170 11
3171 18
3172 26
3173 5
3174 6
3175 8
3176 23 24
3177 4
3178 14
3179 18
3180 7
3181 2 26
3182 5
3183 33
3184 22
3185 5 9
3186 18
3187 6 9 32
3188 7
3189 8
3190 13 17
3191 26
3192 24
3193 11 34
3194 4
3195 19 24
3196 3
3197 2 3
3198 3
3199 30
3200 24
3201 2
3202 8
3203 3
3204 19 24
3205 19 24
3206 6 35
3207 2
3208 27
3209 8
3210 23
3211 6
3212 8 10
3213 8 24 30
3214 24 34
3215 11
3216 8 26 32
3217 24
3218 30
3219 8
3220 10
3221 3 6 7 13 17
3222 2
3223 6
3224 8
3225 6
3226 7
3227 8
3228 4 19
3229 2
3230 20
3231 3 9 14
3232 26
3233 8 11
3234 2 8 22
3235 5 13 17 34
3236 3 11
3237 7
3238 3
3239 5
3240 5
3241 8
3242 26
3243 8 11
3244 30
3245 3
3246 24
3247 2
3248 2
3249 8
3250 9
3251 9
3252 9
3253 24
3254 1
3255 2 14
3256 6 18 32
3257 18
3258 20
3259 11 18
3260 3
3261 4 23
3262 7
3263 5
3264 8 35
3265 32
3266 7
3267 5
3268 8
3269 4
3270 20 32
3271 6
3272 8
3273 5
3274 10 32
3275 5 10 31 32
3276 10
3277 7 22
3278 23
3279 8 11
3280 32
3281 4 24
3282 1
3283 11 16
3284 21
3285 24
3286 6 7
3287 8
3288 10 23
3289 26
3290 18 19
3291 24
3292 10
3293 8
3294 30
3295 10
3296 14
3297 7
3298 9 16
3299 9
3300 20
3301 3
3302 9
3303 24
3304 8
3305 14
3306 26
3307 19 24
3308 10
3309 24
3310 24
3311 4
3312 19
3313 8
3314 8
3315 5
3316 2
3317 24
3318 20
3319 3
3320 2
3321 2
3322 2 10 26 32 36
3323 13 17
3324 9
3325 5
3326 24
3327 16
3328 24
3329 13 30
3330 6
3331 27
3332 13 17
3333 8
3334 14
3335 5 16
3336 23
3337 3
3338 8
3339 4 5
3340 18 24
3341 8
3342 8 9
3343 5
3344 5
3345 21
3346 26
3347 21
3348 8
3349 23
3350 11
3351 2
3352 24
3353 8
3354 8
3355 18
3356 24
3357 24
3358 4 7
3359 8 19
3360 5 8 11
3361 12
3362 13 17 24
3363 7
3364 6 7
3365 22
3366 8
3367 10
3368 8
3369 32
3370 8
3371 4 8
3372 32
3373 13
3374 19 24
3375 24
3376 9
3377 8
3378 3
3379 2
3380 5 8
3381 19
3382 22
3383 8 16
3384 2 10
3385 7
3386 6 8
3387 8
3388 35
3389 6 34
3390 9
3391 8
3392 7
3393 2
3394 8
3395 2
3396 9
3397 11
3398 24
3399 8
3400 25
3401 9
3402 2
3403 3
3404 7 8
3405 18
3406 19
3407 36
3408 8
3409 20
3410 32
3411 29 30
3412 5
3413 22
3414 3
3415 8
3416 8
3417 11
3418 19
3419 8 28
3420 6
3421 11 33
3422 8
3423 2 13 17
3424 8 15 30
3425 23
3426 9
3427 27
3428 5
3429 32
3430 8
3431 8
3432 13 14 17 33
3433 3 6 16
3434 26
3435 8 19
3436 6
3437 11 22
3438 9
3439 8
3440 24
3441 22
3442 4 8
3443 2
3444 28
3445 24 25 30
3446 30
3447 2
3448 5 24
3449 5
3450 35
3451 24
3452 2 21 32
3453 20 36
3454 2 21
3455 8
3456 16
3457 21
3458 6
3459 5
3460 5
3461 5
3462 16 19 30
3463 10
3464 8
3465 8
3466 3 22
3467 7
3468 21
3469 8
3470 34
3471 5 18
3472 21
3473 24
3474 3
3475 8 30
3476 8
3477 14
3478 7
3479 24
3480 6 24
3481 13 17
3482 18
3483 9
3484 6
3485 27
3486 3
3487 3
3488 9
3489 8
3490 6
3491 19 30
3492 5
3493 2
3494 13 17
3495 10
3496 3 14
3497 5 7 28
3498 10
3499 2
3500 22 30
3501 24
3502 5 8
3503 30
3504 3
3505 5
3506 20
3507 32
3508 26
3509 24
3510 3
3511 6
3512 8
3513 16 20
3514 5
3515 24
3516 7
3517 25
3518 8
3519 26
3520 3
3521 19
3522 20 30
3523 9
3524 8 26
3525 20 26
3526 8
3527 5 9
3528 23
3529 2
3530 2
3531 10
3532 7
3533 19 24
3534 13 17
3535 8 19
3536 14
3537 8
3538 8
3539 29
3540 16
3541 8
3542 7
3543 5
3544 5
3545 8
3546 5 6 10 26 28
3547 10
3548 21
3549 13 17
3550 16
3551 11
3552 8
3553 2
3554 6
3555 8
3556 8
3557 6
3558 26
3559 6 22
3560 22 23
3561 24
3562 18
3563 8
3564 3 5
3565 2 10
3566 1
3567 20
3568 3 13 17
3569 9
3570 6 20
3571 8
3572 9
3573 24
3574 8 10
3575 5
3576 4 5
3577 3
3578 5
3579 8
3580 8
3581 7
3582 18
3583 2 21
3584 11
3585 6
3586 12 29
3587 32
3588 23
3589 3
3590 8
3591 5
3592 6 31
3593 2
3594 8
3595 19 25
3596 6 7 9
3597 8
3598 1 12
3599 6
3600 27
3601 19
3602 10
3603 9
3604 2
3605 6 24
3606 10 13 17 26
3607 9
3608 8
3609 20
3610 8
3611 8
3612 10
3613 8
3614 24
3615 24
3616 8
3617 18
3618 13 17
3619 23
3620 7
3621 34
3622 18
3623 3
3624 8
3625 14
3626 13 17
3627 2 6
3628 22 24 30
3629 6
3630 9
3631 6 8 11 13 17 31
3632 5
3633 3
3634 10
3635 6
3636 2 23
3637 4
3638 6
3639 13 17
3640 8
3641 13 17
3642 5
3643 2 13 17 19
3644 5
3645 3
3646 6
3647 8
3648 8
3649 8 24
3650 8
3651 8
3652 27
3653 24
3654 30
3655 8
3656 19 24
3657 7 19 24
3658 5
3659 22
3660 5
3661 32
3662 8
3663 8
3664 8
3665 21
3666 26
3667 13 17
3668 2 6 8
3669 9
3670 9
3671 24
3672 13 17
3673 8 20
3674 24
3675 9
3676 8
3677 8
3678 8
3679 7
3680 8 19 26
3681 18
3682 11
3683 30
3684 24
3685 4 5 15 30
3686 8
3687 18 24
3688 7 8 13 17
3689 1 37
3690 3 8 29
3691 8
3692 32
3693 8
3694 36
3695 4
3696 24 30
3697 30
3698 21
3699 22 26 32
3700 8
3701 8
3702 30
3703 37
3704 3
3705 2
3706 24
3707 3
3708 24
3709 5
3710 24
3711 24
3712 7 29 32
3713 1
3714 7
3715 11
3716 19
3717 19 22
3718 10
3719 13
3720 16
3721 14
3722 8
3723 2
3724 24 25 34
3725 24
3726 11
3727 24 30
3728 14
3729 5 11
3730 5
3731 2
3732 7
3733 24
3734 3
3735 8 19
3736 8
3737 34 35
3738 4 6
3739 27
3740 1
3741 6 36
3742 24
3743 5 24
3744 8
3745 8
3746 8 30
3747 24
3748 3
3749 20
3750 3 6 19 24
3751 5
3752 20
3753 4
3754 6
3755 2
3756 34
3757 3
3758 8
3759 35
3760 7 8
3761 24 25
3762 1 24 25
3763 12
3764 8
3765 3
3766 6
3767 22 23
3768 8
3769 2
3770 18
3771 21
3772 8
3773 20
3774 5 22
3775 8
3776 3
3777 22
3778 5
3779 3
3780 36
3781 8 24
3782 8
3783 13 17
3784 7 16 22
3785 24
3786 4
3787 5
3788 8
3789 19 24
3790 11
3791 4 5
3792 4 8 35
3793 10 19
3794 2
3795 33
3796 2 3 36
3797 6 11
3798 8 26
3799 24
3800 8 9
3801 2
3802 11
3803 8 13 17
3804 8
3805 8 19
3806 30
3807 7 22 30
3808 13 17
3809 10
3810 3
3811 5
3812 3
3813 8 16
3814 24
3815 8
3816 13
3817 36
3818 8
3819 5 8
3820 8
3821 2 24
3822 11
3823 11
3824 3
3825 6 11
3826 14
3827 5
3828 20
3829 27
3830 8
3831 8 24
3832 8
3833 2
3834 3
3835 6 24
3836 16
3837 8
3838 4
3839 24
3840 24
3841 8 10
3842 7
3843 23
3844 8
3845 3
3846 19
3847 8 24
3848 24
3849 8
3850 26
3851 6 24
3852 9
3853 9 14
3854 2
3855 2
3856 5 6
3857 3 26
3858 3 23 24
3859 3 10 20 32
3860 6
3861 2
3862 32
3863 7 22
3864 3 5 10
3865 19
3866 19
3867 8 10
3868 5
3869 16
3870 9 24
3871 3
3872 8 10
3873 3
3874 20 22
3875 5
3876 5
3877 5
3878 18
3879 14
3880 5
3881 2 23
3882 24 30
3883 10 32
3884 14
3885 8 36
3886 8
3887 4
3888 11
3889 34
3890 24
3891 11
3892 18
3893 8
3894 11
3895 24
3896 2
3897 24
3898 24
3899 36
3900 24
3901 22
3902 24
3903 8
3904 24
3905 11 14 33
3906 6
3907 6 11 12
3908 2
3909 11
3910 20
3911 8 35
3912 6 22
3913 18
3914 8
3915 24 30
3916 2
3917 9
3918 2 5 7 13 17 22
3919 1
3920 24
3921 5
3922 19 24
3923 24
3924 6
3925 18
3926 3 25
3927 11
3928 32
3929 23
3930 8
3931 2
3932 3
3933 23
3934 33 38
3935 23 25 30
3936 8
3937 2
3938 8
3939 24
3940 19 24
3941 11
3942 11
3943 19 24
3944 3
3945 14
3946 4 10
3947 3
3948 31 32
3949 8
3950 8
3951 6
3952 9
3953 21
3954 32
3955 21
3956 13 17 30
3957 7 30
3958 12
3959 19 25 30
3960 18
3961 2
3962 2 6
3963 5
3964 24
3965 13 17
3966 24
3967 6
3968 32
3969 23
3970 24
3971 36
3972 32
3973 5
3974 6
3975 11
3976 8 27
3977 30
3978 11
3979 2 20 32
3980 31
3981 20
3982 8 30
3983 4 30
3984 22
3985 9 18 27
3986 8
3987 9
3988 18
3989 3 7
3990 4
3991 5
3992 4
3993 33
3994 26
3995 25
3996 5 24
3997 24 30
3998 3
3999 16
4000 5
4001 23
4002 18 23
4003 2 6 8
4004 3 24
4005 11
4006 8
4007 19 24
4008 8
4009 24
4010 7
4011 22
4012 24
4013 7
4014 16
4015 23
4016 8
4017 8
4018 9
4019 1 4 5 11 13 17
4020 8
4021 28
4022 16
4023 11
4024 31 32
4025 11
4026 22
4027 21
4028 8 11
4029 11
4030 6 31 32
4031 9
4032 3
4033 23
4034 8
4035 22
4036 23
4037 30
4038 8 22
4039 23
4040 3 21
4041 22
4042 8 19
4043 8 16
4044 11 34
4045 2
4046 6 24 30
4047 6
4048 8 11
4049 7
4050 3
4051 5
4052 8
4053 19 24
4054 16
4055 16
4056 5
4057 2
4058 30
4059 6
4060 11 16
4061 8
4062 11 30
4063 21
4064 6 16
4065 7
4066 24
4067 8
4068 5 19 31
4069 24
4070 13 17
4071 16
4072 3
4073 8
4074 19 24
4075 4
4076 32
4077 24
4078 8
4079 20
4080 36
4081 11
4082 3 13 28
4083 24
4084 24 25
4085 5 13 17
4086 25
4087 25 30
4088 7
4089 5
4090 6
4091 14
4092 2
4093 8 19
4094 14
4095 2
4096 19
4097 6
4098 25
4099 7 14
4100 8
4101 6
4102 11 25
4103 3
4104 6
4105 6 19
4106 6
4107 10
4108 30
4109 7
4110 8
4111 25
4112 37
4113 25
4114 5
4115 11
4116 5 30 33
4117 2
4118 16
4119 19 24
4120 26
4121 2
4122 8
4123 26
4124 25
4125 2 7
4126 8
4127 2 8 9
4128 31
4129 32
4130 25
4131 23
4132 30
4133 7
4134 25
4135 2 7
4136 20
4137 18 24
4138 4 34
4139 2
4140 5 19
4141 2 25
4142 6
4143 6 10
4144 19 24
4145 7 22
4146 6 8
4147 2 6 8 13 14 17 19 26 28
4148 10 35
4149 6
4150 4
4151 18
4152 25 30
4153 2 8
4154 14
4155 18
4156 24
4157 2 6 25
4158 33
4159 32
4160 16
4161 28
4162 16
4163 1 20 32
4164 7
4165 11 22
4166 16
4167 4 8
4168 2 14 35
4169 5
4170 10
4171 30
4172 10
4173 13 17
4174 10 20
4175 24
4176 32
4177 5
4178 9
4179 7 30
4180 1 4 8 25
4181 23
4182 25
4183 23
4184 16
4185 34
4186 7 22
4187 5
4188 1
4189 8
4190 33
4191 8
4192 22
4193 7
4194 32
4195 32
4196 2
4197 10 23
4198 5
4199 19
4200 32
4201 4 13 17
4202 25
4203 11
4204 18
4205 3
4206 8
4207 14
4208 8 10
4209 2 8 10
4210 3
4211 23 24 36
4212 13 17
4213 7
4214 21
4215 16 24
4216 18
4217 1 13 14 17 22
4218 10 20
4219 7
4220 3
4221 11
4222 8 19
4223 1
4224 4
4225 4
4226 8 18
4227 8
4228 7 22
4229 32
4230 13 17
4231 2 10 14
4232 1 2 6 11 23 31 32
4233 18 23
4234 10
4235 5
4236 24 27 30
4237 4
4238 11
4239 34
4240 32
4241 10
4242 8
4243 5
4244 11
4245 18
4246 10 13 17
4247 8 26
4248 8
4249 6
4250 8
4251 2
4252 2
4253 10
4254 2
4255 25 30
4256 22
4257 3 7 10 20 23 32
4258 8 11 19
4259 2 10
4260 8 10 11
4261 12 13 17
4262 6
4263 2 6 25 30
4264 8 23 26
4265 5 25
4266 34
4267 23
4268 7
4269 8
4270 20 32
4271 23
4272 24
4273 8
4274 11 19 20 23 24
4275 9
4276 16
4277 3
4278 23
4279 30
4280 8 25
4281 21
4282 24 25
4283 8
4284 24
4285 4
4286 11
4287 1 5 7 8 19 32 36
4288 24
4289 2
4290 7 34
4291 9
4292 26
4293 9
4294 8
4295 16
4296 8 19 24
4297 11
4298 25
4299 11
4300 18
4301 16
4302 13 17 20
4303 30
4304 7
4305 7 24
4306 16
4307 9 18
4308 6
4309 30
4310 10
4311 2
4312 11
4313 26
4314 2
4315 5 8 36
4316 24 33
4317 5
4318 11 19 25
4319 3
4320 1
4321 20
4322 7
4323 29
4324 16
4325 7
4326 13 17
4327 13 17 18
4328 26
4329 9
4330 7
4331 6
4332 24
4333 10
4334 5
4335 16
4336 30
4337 3 8 19
4338 13 17
4339 5
4340 8
4341 8
4342 3
4343 5
4344 16
4345 7 21
4346 23
4347 31 32
4348 13 17
4349 36
4350 11 23
4351 6 32
4352 5 6 10
4353 11
4354 3
4355 2 32
4356 8 23
4357 5
4358 8 10
4359 2
4360 11 18
4361 2 26
4362 8
4363 24
4364 20
4365 24
4366 8
4367 8
4368 3
4369 3 8 13 17
4370 5
4371 8
4372 9 16
4373 1 10 15 18 19 30
4374 5 24
4375 8
4376 23
4377 9
4378 5
4379 23
4380 8
4381 32
4382 27
4383 6
4384 2
4385 22
4386 16
4387 2
4388 9
4389 24
4390 2
4391 11
4392 8 19
4393 3
4394 13 17
4395 8
4396 24
4397 13 17
4398 8
4399 5
4400 26
4401 2
4402 2 6 13 17 18 23
4403 8 26
4404 3
4405 3 24
4406 5
4407 6
4408 30
4409 32
4410 11
4411 19 24
4412 8
4413 2 11
4414 5 8
4415 23
4416 31
4417 16
4418 2
4419 8 19
4420 11 25
4421 25
4422 26
4423 13 17
4424 11
4425 30
4426 19 24
4427 6
4428 5 31
4429 3
4430 8
4431 6
4432 5
4433 3
4434 2
4435 19
4436 16
4437 6 11
4438 16 18 30
4439 8
4440 13 17
4441 30
4442 6
4443 18
4444 24
4445 8 19
4446 7
4447 2
4448 3
4449 7
4450 19
4451 8 37
4452 18
4453 7 22
4454 16
4455 7
4456 32
4457 2
4458 9
4459 26
4460 2
4461 25
4462 3 20
4463 13
4464 37
4465 23
4466 36
4467 13 17
4468 7
4469 5
4470 8 9
4471 14
4472 3
4473 3 36
4474 8
4475 2
4476 5 19
4477 10
4478 7
4479 5
4480 2
4481 8
4482 36
4483 6 14
4484 13 17
4485 2 7 8
4486 25
4487 24
4488 9
4489 24
4490 18 29
4491 8
4492 8
4493 24
4494 8 20
4495 9
4496 19
4497 2 6
4498 4 8
4499 5 13 17
4500 16
4501 25
4502 11
4503 5
4504 13 17
4505 24
4506 20
4507 21
4508 13 17
4509 9
4510 2 9
4511 19
4512 5 8
4513 8
4514 19
4515 1 3 6 13 31 33
4516 2
4517 16 18
4518 13 17
4519 2
4520 23
4521 8 16 19
4522 25
4523 4 24
4524 2
4525 18 28
4526 11
4527 2 14
4528 8
4529 11
4530 8
4531 8
4532 23
4533 28
4534 16
4535 8
4536 7
4537 25
4538 8
4539 8
4540 11 28 36
4541 5
4542 1 14 26
4543 32
4544 8 19
4545 9
4546 2
4547 9
4548 8
4549 8
4550 10 23
4551 13 17
4552 25
4553 6 7 25
4554 16
4555 30
4556 7
4557 13 17
4558 2
4559 13 17
4560 4
4561 9
4562 7
4563 2 5 10 19 27
4564 5 7 13 17
4565 3
4566 26
4567 24 29
4568 32
4569 5 10
4570 8
4571 8
4572 7 25 34
4573 20 31 32
4574 18
4575 8
4576 27
4577 8
4578 19
4579 5
4580 9
4581 10 23
4582 16 19
4583 19
4584 2
4585 2
4586 9
4587 18
4588 26
4589 10
4590 23
4591 3
4592 18
4593 13 17 19 24
4594 30
4595 20
4596 11 13 17 24
4597 13 17
4598 8 19 32
4599 32
4600 8
4601 14
4602 13 17
4603 24 25
4604 24 30
4605 19 25
4606 14
4607 10
4608 9
4609 20 24 30 32
4610 6
4611 11
4612 9
4613 5 10
4614 20
4615 10
4616 2
4617 16
4618 5
4619 8
4620 19 24
4621 29
4622 5
4623 5
4624 1
4625 25
4626 24
4627 8
4628 9
4629 1
4630 13 17
4631 25
4632 8
4633 6 8 16
4634 9
4635 2
4636 8
4637 26
4638 8
4639 8
4640 8
4641 6
4642 6 24
4643 10
4644 32
4645 18 30
4646 26 32
4647 8 19
4648 8
4649 6
4650 19
4651 8
4652 2 11 13 17
4653 5
4654 19 25
4655 21
4656 24
4657 8 25
4658 8
4659 18
4660 35
4661 6
4662 18
4663 6
4664 29
4665 19 24
4666 6
4667 2
4668 25
4669 14
4670 26
4671 7 26
4672 7
4673 19 24
4674 8
4675 24
4676 14
4677 18
4678 3
4679 3 24
4680 28
4681 32
4682 23
4683 23
4684 6
4685 9 14
4686 5 16
4687 3 8 18
4688 7
4689 35
4690 12
4691 23
4692 31 32
4693 8 30
4694 16
4695 31
4696 19
4697 3 20 32
4698 11
4699 7 16
4700 21
4701 23
4702 10
4703 11
4704 5 16 24
4705 8
4706 13 17 23
4707 36
4708 39
4709 24
4710 3
4711 5
4712 5
4713 8
4714 3
4715 23
4716 7
4717 5
4718 8
4719 6
4720 26
4721 16
4722 27
4723 31 32
4724 21
4725 9
4726 32
4727 11 25
4728 2
4729 8
4730 2
4731 8
4732 6 13 17
4733 8
4734 26
4735 6 8 13 17
4736 26
4737 3
4738 5
4739 7
4740 5 6 13 17 21 30 33
4741 19 24
4742 8
4743 24
4744 6
4745 20
4746 13 17
4747 20
4748 8
4749 11
4750 3
4751 9
4752 24
4753 6
4754 5
4755 2 11
4756 8 30
4757 28
4758 8
4759 9
4760 13 17
4761 19
4762 5
4763 8
4764 8 24
4765 6
4766 5
4767 2
4768 7
4769 24 28
4770 2
4771 2
4772 14
4773 36
4774 4 22 32
4775 7 8
4776 2 5 13 17
4777 11 25
4778 6
4779 8
4780 35
4781 5 24
4782 21
4783 19 24
4784 3
4785 11
4786 6
4787 7 22
4788 8 19
4789 38
4790 28
4791 32
4792 3
4793 33
4794 24
4795 7
4796 18
4797 13 17
4798 4
4799 8
4800 5 18
4801 8 18 19
4802 8 30
4803 2 10
4804 11 16
4805 2
4806 16
4807 2
4808 8
4809 2
4810 16
4811 10
4812 5
4813 1
4814 10 20
4815 5
4816 13 17
4817 10
4818 27
4819 24
4820 2
4821 5
4822 8
4823 8
4824 5
4825 26
4826 30
4827 5 15
4828 2
4829 24
4830 33
4831 1
4832 2 3
4833 4
4834 5
4835 6
4836 7
4837 8
4838 9
4839 10
4840 11
4841 5
4842 2 6 11 12 13 14 15 16 17 18
4843 8
4844 19
4845 6
4846 5
4847 6
4848 2
4849 3
4850 20
4851 14
4852 11 21
4853 18 22
4854 23
4855 5 11
4856 2
4857 16
4858 8
4859 4
4860 19
4861 8 24 25
4862 5
4863 24
4864 8
4865 9
4866 6 26 27
4867 6
4868 24
4869 6 24
4870 28 29
4871 22
4872 24
4873 1
4874 5
4875 13 17
4876 7
4877 8
4878 15
4879 21
4880 6
4881 18
4882 9
4883 4 19
4884 9
4885 3 8
4886 2 3
4887 24 30
4888 1 2 3 11
4889 13 17 28
4890 8
4891 25
4892 30
4893 8
4894 2
4895 13 17
4896 2
4897 2 19 24
4898 24
4899 7
4900 24
4901 3
4902 8 19
4903 3
4904 9 19 24
4905 16
4906 7
4907 1 11 23 26 31
4908 3
4909 3 13 17
4910 5 32
4911 20
4912 21
4913 24
4914 2
4915 7
4916 2
4917 14
4918 21
4919 8
4920 8
4921 8
4922 9
4923 16
4924 5 10
4925 5
4926 32
4927 8 10 12 13 17 26 27
4928 13 17
4929 20
4930 4 26
4931 2 7 32
4932 5
4933 4
4934 6
4935 16 33
4936 8 16
4937 16
4938 24 25
4939 6
4940 2
4941 2
4942 5 31 32
4943 5
4944 8
4945 24
4946 32
4947 2
4948 19
4949 23
4950 2
4951 24 25 30
4952 20
4953 13 17 23
4954 1 16 24
4955 19
4956 18 23
4957 20
4958 20
4959 29
4960 1 13 17
4961 8 13 17 25
4962 3
4963 8 19
4964 14
4965 8
4966 7 11
4967 13 17
4968 13 17
4969 24
4970 13 17
4971 24
4972 5
4973 7 11 22
4974 6 8 19 24
4975 8 19
4976 9
4977 13 17
4978 18
4979 24
4980 24
4981 2
4982 3
4983 6
4984 8 25
4985 8
4986 8 19 24
4987 11
4988 8 19
4989 3
4990 8
4991 1
4992 22
4993 8
4994 23
4995 20
4996 8 10
4997 24
4998 6
4999 25
5000 1 16 23 25
5001 13 17
5002 19
5003 5
5004 2
5005 14
5006 10 31
5007 2
5008 18 22
5009 6
5010 19 24
5011 23
5012 2
5013 5 11
5014 5 9
5015 5 25 30
5016 11
5017 8
5018 16 20
5019 8
5020 20
5021 33
5022 23
5023 2
5024 2
5025 4 16
5026 11
5027 7
5028 23
5029 8
5030 24
5031 25
5032 19
5033 7
5034 20
5035 6
5036 21
5037 29
5038 4
5039 13 17
5040 2
5041 24
5042 14
5043 11 34
5044 8
5045 13 17
5046 24 30
5047 2
5048 7
5049 6 32
5050 5 13 17
5051 14
5052 23
5053 32
5054 20
5055 19
5056 11
5057 1 2 26 31
5058 23
5059 10
5060 35
5061 4 13 17
5062 23
5063 11
5064 19 32
5065 2 5
5066 25
5067 5
5068 3
5069 2 10 19
5070 10
5071 8
5072 30
5073 20
5074 19
5075 4
5076 16
5077 1 8 11 19 30
5078 2
5079 8
5080 24
5081 6
5082 6 13 17
5083 24
5084 19
5085 9
5086 2 24
5087 26
5088 5
5089 24
5090 16 33
5091 5
5092 13 17
5093 8
5094 24
5095 5
5096 32
5097 3
5098 10
5099 8
5100 8
5101 8
5102 7 11
5103 24
5104 13 17
5105 10
5106 11
5107 4 19
5108 24 25
5109 10
5110 8 19
5111 29
5112 25
5113 20
5114 16
5115 10
5116 7
5117 16
5118 2
5119 7
5120 25
5121 32
5122 8
5123 8 19
5124 13 17
5125 24
5126 8 10
5127 18
5128 2 4 6 12 13 17 25 28 31 32 37
5129 8
5130 2 7 20
5131 7 8
5132 3
5133 7
5134 13 17
5135 8 19 23
5136 8
5137 9
5138 9 24
5139 24 30
5140 21
5141 5 19 24 25
5142 16
5143 3 26 32
5144 2
5145 13 17 25
5146 11
5147 30
5148 11 13 17
5149 14
5150 8
5151 11
5152 3 8
5153 15 22
5154 25
5155 3
5156 24 30
5157 22
5158 8
5159 2
5160 2
5161 8 19 24
5162 6
5163 8
5164 3
5165 18
5166 10
5167 5 13 17
5168 6
5169 5 16
5170 24
5171 32
5172 8
5173 25
5174 16 30
5175 3 6
5176 8
5177 24
5178 8
5179 6
5180 16
5181 9 13 17 25 34
5182 3
5183 19
5184 2
5185 6
5186 14
5187 10
5188 5
5189 8 24
5190 8
5191 25
5192 20
5193 25
5194 10 19 30
5195 16 36
5196 18
5197 13 17
5198 14
5199 16
5200 8
5201 27
5202 8 19 20 32
5203 24
5204 31
5205 9
5206 6
5207 8
5208 4 5
5209 23
5210 23
5211 9
5212 13 17
5213 6 9
5214 2 32
5215 5 12
5216 26
5217 8 11
5218 20
5219 3 10
5220 7
5221 5
5222 2
5223 32
5224 3
5225 24
5226 20 23
5227 8
5228 2
5229 19 24
5230 31
5231 8
5232 8
5233 30
5234 10
5235 24
5236 13 17
5237 5
5238 10
5239 2
5240 13 17
5241 20
5242 3
5243 13 17
5244 19
5245 6
5246 8
5247 4
5248 32
5249 24 25
5250 24
5251 25
5252 26
5253 16
5254 10
5255 6
5256 7
5257 27
5258 8 19
5259 26
5260 26
5261 1
5262 4 13 16 17
5263 22 24
5264 6 19 22 24 30
5265 2
5266 3
5267 2
5268 8
5269 13 17 29
5270 8 32
5271 3
5272 8
5273 8
5274 14
5275 2
5276 28
5277 19 24
5278 26
5279 6
5280 25 27
5281 13 17
5282 16
5283 11
5284 10
5285 8
5286 24
5287 14
5288 2 7
5289 25
5290 6
5291 14
5292 29
5293 22 32
5294 9
5295 5
5296 32
5297 2 23 24 32
5298 8
5299 5 16 20
5300 8
5301 5 13 17
5302 26
5303 5
5304 7
5305 20
5306 24 25
5307 30
5308 6 8
5309 25
5310 5 13 14 17 18
5311 6
5312 24
5313 13 17
5314 7
5315 16
5316 19
5317 2 16 26
5318 20
5319 6 22
5320 11 22
5321 8
5322 24
5323 13 17 24
5324 7
5325 10 32
5326 2 14
5327 32
5328 4
5329 19
5330 24
5331 2 11
5332 20
5333 5 7 8 14 19 22 33
5334 8
5335 5 8
5336 8 15 19 24
5337 20
5338 8
5339 8
5340 7 25
5341 8
5342 32
5343 6
5344 21
5345 18
5346 19 24
5347 25
5348 7 25
5349 24
5350 3
5351 25
5352 8
5353 8 13 17
5354 4 7 8
5355 3 18
5356 20
5357 2 32
5358 25
5359 20
5360 13 17
5361 5
5362 24
5363 16 19
5364 15
5365 19 24
5366 25
5367 21
5368 13 17
5369 8
5370 25
5371 32
5372 23
5373 19
5374 20
5375 16
5376 8 25
5377 20
5378 3 13 17 32
5379 24
5380 14
5381 8
5382 3
5383 5
5384 10
5385 7
5386 8 19 24
5387 5 11
5388 8
5389 8
5390 6
5391 3 8
5392 5
5393 3 19 24
5394 24
5395 20
5396 25
5397 14
5398 8
5399 2
5400 5
5401 5
5402 8
5403 18
5404 9
5405 5
5406 13 17
5407 3
5408 11 19
5409 3 8
5410 8
5411 2
5412 13 17
5413 5
5414 9
5415 13 17
5416 5
5417 7
5418 8
5419 2
5420 1
5421 12
5422 8
5423 5
5424 18
5425 6 21 28
5426 8 13 17
5427 14
5428 5 8 19
5429 9 30
5430 8
5431 2
5432 16
5433 11
5434 5
5435 24
5436 33
5437 8 16
5438 26
5439 8
5440 21
5441 16
5442 24
5443 2
5444 8 19
5445 5 8
5446 16
5447 5
5448 10
5449 5
5450 7 14
5451 19
5452 2
5453 8
5454 26
5455 23
5456 6 7 11 14
5457 8
5458 8
5459 5 23
5460 11
5461 23
5462 10
5463 24
5464 13 17
5465 20
5466 6
5467 16
5468 33
5469 8
5470 13 17
5471 24 25
5472 23
5473 16
5474 33
5475 20
5476 16 30
5477 8
5478 20 22 26
5479 4 8 10 19 28
5480 6
5481 8
5482 5
5483 5 33
5484 2
5485 21
5486 13 17
5487 8
5488 27
5489 19
5490 8
5491 2
5492 8
5493 5
5494 8
5495 5
5496 25
5497 8
5498 3 7
5499 19 30
5500 3 25 26
5501 8
5502 16
5503 21
5504 32
5505 8
5506 30
5507 8
5508 11
5509 16
5510 24
5511 16
5512 33
5513 9
5514 8
5515 24
5516 1
5517 7
5518 26
5519 19
5520 6
5521 14
5522 25
5523 24
5524 24
5525 24
5526 2
5527 16
5528 3
5529 13 17
5530 8
5531 6 11
5532 9
5533 26
5534 5
5535 30
5536 16 24
5537 7
5538 30
5539 19
5540 7 24
5541 18
5542 19
5543 10
5544 1 9 36
5545 16 19
5546 16
5547 32
5548 5
5549 7
5550 19
5551 6 8 19
5552 11 25
5553 8 32
5554 19
5555 19
5556 16
5557 5 24
5558 4 6 31 32
5559 5
5560 6
5561 6 8 24
5562 8 19
5563 20
5564 8
5565 16 25
5566 8
5567 10
5568 14
5569 25
5570 7 22
5571 10
5572 6
5573 6 12
5574 8
5575 5
5576 25
5577 13 17
5578 16
5579 30
5580 24
5581 19
5582 26
5583 8
5584 10
5585 20
5586 30
5587 22
5588 19 33
5589 2
5590 8
5591 7 22
5592 6
5593 13 17
5594 5 24
5595 26
5596 18
5597 14
5598 25
5599 8
5600 19
5601 3
5602 6 10
5603 5
5604 26
5605 8
5606 6 9 10 19 29
5607 11
5608 7 22
5609 26
5610 7
5611 2
5612 5 8 11 13 17 19
5613 6
5614 10 19 24
5615 6
5616 2
5617 10 25 30
5618 6 13 17
5619 7
5620 26
5621 14
5622 6 33
5623 4 20
5624 5
5625 21
5626 8 19
5627 19
5628 5 19
5629 6
5630 10
5631 19
5632 6 22
5633 19
5634 18 36
5635 5
5636 7
5637 33
5638 34
5639 21
5640 24 25
5641 24
5642 7
5643 30
5644 13 17
5645 8 19
5646 5
5647 19
5648 5 22
5649 1 2 3 11 20
5650 21
5651 8
5652 11
5653 33
5654 24
5655 23
5656 5
5657 32
5658 14
5659 5
5660 25
5661 4
5662 8
5663 16 36
5664 24
5665 4
5666 8 25
5667 18
5668 8 10 19
5669 24
5670 13
5671 19
5672 8
5673 2
5674 7
5675 22
5676 2
5677 6
5678 36
5679 22
5680 4 11 15 20
5681 24
5682 3
5683 13 17
5684 19
5685 19
5686 4
5687 28
5688 6
5689 3
5690 20 23 31
5691 18
5692 21
5693 8
5694 6
5695 16
5696 6
5697 6
5698 2
5699 19
5700 24
5701 5
5702 23
5703 32
5704 1 9 26 33
5705 5
5706 3 13 17
5707 19
5708 8
5709 16 19
5710 7
5711 2 10
5712 16
5713 2
5714 8 19 22
5715 6 8
5716 19
5717 11 14
5718 10
5719 19
5720 19
5721 19
5722 24 30
5723 30
5724 5
5725 8
5726 6
5727 26
5728 19
5729 3 18
5730 26
5731 4
5732 3
5733 33 36
5734 32
5735 19
5736 5 24
5737 2
5738 11 24
5739 8
5740 18
5741 8 30
5742 33
5743 19
5744 2
5745 3
5746 5
5747 10 23
5748 2 14
5749 9
5750 13 17 30
5751 11
5752 14
5753 3
5754 13 17
5755 29
5756 24
5757 8
5758 10
5759 5
5760 16
5761 16
5762 14
5763 19
5764 7
5765 19
5766 9
5767 4
5768 11
5769 20
5770 6 32
5771 19
5772 18
5773 3
5774 24
5775 9
5776 20
5777 9
5778 20
5779 9
5780 3
5781 14
5782 20
5783 24
5784 3 5
5785 10 18 20 26 29
5786 8
5787 10
5788 2
5789 2 20
5790 31
5791 19
5792 24
5793 11
5794 8 19
5795 4 5
5796 4 14
5797 6
5798 13 17
5799 7
5800 3
5801 24
5802 8
5803 2
5804 2 14
5805 5
5806 19
5807 23
5808 3 6
5809 13 17
5810 14
5811 21
5812 3 8
5813 30
5814 19
5815 24
5816 16 19
5817 32
5818 7
5819 8 19
5820 9
5821 11
5822 4 19
5823 23
5824 25
5825 11
5826 10
5827 20
5828 23
5829 5
5830 8
5831 14
5832 10 32
5833 19
5834 19
5835 5
5836 5
5837 7
5838 25
5839 5
5840 8 19
5841 10
5842 8
5843 3
5844 12
5845 5
5846 8
5847 31
5848 24 30
5849 6
5850 16
5851 13 17
5852 25
5853 19
5854 3 19 25
5855 2 14
5856 22 32
5857 7 11 19 24 30
5858 16
5859 8
5860 21
5861 7
5862 5
5863 19
5864 22
5865 13 17
5866 20
5867 6
5868 8
5869 24
5870 30
5871 7
5872 10
5873 26
5874 13 17
5875 19 24
5876 16
5877 13 17
5878 32
5879 19 25
5880 31 32
5881 26
5882 3
5883 19
5884 18
5885 1 14 24
5886 11
5887 11
5888 16 29
5889 3
5890 5 19
5891 13 14
5892 3 6
5893 8 19
5894 7
5895 32
5896 5 6
5897 8 27
5898 21
5899 16
5900 23
5901 5 22 26
5902 2
5903 25
5904 6
5905 19
5906 30
5907 5
5908 28
5909 2
5910 2 11
5911 5 23 26
5912 32
5913 13 17
5914 2 14 24 29
5915 8 24 25 30
5916 8
5917 1 3 5 6 7 8 11 26 28 34
5918 6
5919 11 29
5920 23
5921 6
5922 24
5923 16 19
5924 30
5925 21
5926 8 20
5927 18
5928 11 33
5929 37
5930 16
5931 8
5932 24
5933 5
5934 24
5935 2
5936 32 37
5937 9
5938 16
5939 24
5940 9
5941 8
5942 5
5943 3 8
5944 8 19
5945 2
5946 6
5947 11
5948 32
5949 2
5950 16
5951 16
5952 23
5953 5
5954 7 22
5955 8
5956 11
5957 2
5958 26
5959 6
5960 8
5961 29
5962 8 20
5963 8
5964 24
5965 25
5966 6
5967 19 24
5968 16
5969 13 17
5970 7 22
5971 22
5972 2 18 30
5973 8 19
5974 6
5975 24 30
5976 7
5977 6
5978 6 19
5979 3 14
5980 7
5981 9
5982 24
5983 5
5984 6
5985 4 18 29 32
5986 19
5987 20
5988 7 22
5989 2
5990 5
5991 10
5992 14
5993 4 6
5994 29
5995 6 14
5996 6 20 28
5997 6
5998 3 11 13 17
5999 7 14
6000 6
6001 14
6002 13 17
6003 11 21
6004 6
6005 11
6006 3 8
6007 19
6008 3
6009 5
6010 19
6011 3 30
6012 13 17
6013 2
6014 7 9 10 23
6015 1 6 19 36
6016 6
6017 5
6018 16 19
6019 8
6020 14
6021 7
6022 2
6023 16
6024 19
6025 26
6026 13 17
6027 5
6028 11 22 24 27
6029 14
6030 16
6031 30
6032 35
6033 6
6034 29
6035 8
6036 2
6037 20 22
6038 5
6039 5
6040 16
6041 8 19
6042 8 19
6043 22
6044 19 24
6045 6
6046 5
6047 8
6048 8 19
6049 16
6050 7
6051 7 25
6052 11
6053 8 29
6054 19 24
6055 6 30
6056 3 13 17 26 31 32
6057 21
6058 5
6059 19
6060 8
6061 16
6062 5
6063 19
6064 10
6065 21 28 32
6066 19
6067 19
6068 8
6069 7
6070 6
6071 5 6 20 32
6072 29
6073 8
6074 7
6075 19
6076 24
6077 6 24
6078 19
6079 24
6080 6 24
6081 18
6082 2 14
6083 33
6084 13 14 17
6085 10
6086 9
6087 6
6088 16
6089 19
6090 23 24 30
6091 7 28
6092 1
6093 13
6094 11
6095 19
6096 24 25
6097 6
6098 5 22 29
6099 6
6100 3 6 19
6101 6
6102 33
6103 7 19 30
6104 14 22
6105 16
6106 23
6107 8 19
6108 6
6109 6 8 9
6110 25 30
6111 20 26 32
6112 3 8 11 25
6113 19
6114 13 17
6115 24
6116 19
6117 24
6118 22
6119 19
6120 19
6121 10 24 26
6122 30
6123 5 8
6124 11
6125 33
6126 8
6127 6
6128 10
6129 9
6130 7 19 26
6131 8
6132 10
6133 24
6134 3
6135 6 7 8 11
6136 5
6137 20
6138 5
6139 8
6140 14 30
6141 4 16
6142 8
6143 5
6144 6 16
6145 2
6146 11
6147 8
6148 6
6149 8
6150 9
6151 19
6152 4 7 19
6153 14
6154 6
6155 32
6156 3 5 13 17 24 25
6157 19
6158 26
6159 8 19
6160 19
6161 19
6162 1 9
6163 6
6164 13 17 28 33
6165 3 6
6166 2 3 5
6167 13 17
6168 24
6169 24
6170 18
6171 10
6172 20 32
6173 16
6174 1
6175 24
6176 5
6177 23
6178 22
6179 3 6 25
6180 8
6181 19
6182 11 19 24
6183 6 7 24
6184 5
6185 19
6186 3 8
6187 6
6188 6
6189 19
6190 24
6191 18
6192 8
6193 36
6194 5
6195 9
6196 2
6197 10
6198 5
6199 5
6200 8
6201 7
6202 24
6203 6
6204 13 17
6205 2
6206 23
6207 20 24 25
6208 20
6209 7
6210 3
6211 5
6212 35
6213 32
6214 9 13 17
6215 2
6216 7
6217 11
6218 5 24 25
6219 19
6220 6
6221 16 24
6222 5 19 25
6223 21
6224 16
6225 24
6226 24
6227 24
6228 10
6229 4
6230 6 9 13 17
6231 2
6232 8
6233 6
6234 3 6
6235 4 5 7 16
6236 20
6237 8 11
6238 5
6239 26
6240 2
6241 10
6242 6 16
6243 22
6244 19
6245 5
6246 3
6247 2
6248 13 17
6249 7 8
6250 5 8
6251 4 26
6252 7
6253 7
6254 8 10
6255 24
6256 5
6257 8
6258 7
6259 23
6260 8
6261 8
6262 25
6263 7 36
6264 6
6265 6
6266 2 32
6267 24 30
6268 19
6269 6
6270 23
6271 8 19
6272 13 17 30
6273 24
6274 5
6275 3
6276 19
6277 14
6278 5
6279 8
6280 13 17
6281 8
6282 24
6283 19
6284 8
6285 24
6286 2 6
6287 19
6288 22
6289 8
6290 24
6291 22
6292 19
6293 4
6294 20
6295 25
6296 8 30
6297 6 32
6298 6 19
6299 24
6300 8 13 17
6301 20
6302 5 21
6303 19
6304 14 20 26
6305 36
6306 9
6307 6
6308 23
6309 19
6310 12
6311 3 5
6312 19 24
6313 14
6314 5 8
6315 4
6316 5
6317 18
6318 33
6319 8 19
6320 9
6321 36
6322 23
6323 9 26
6324 14
6325 26
6326 34
6327 10
6328 6
6329 6
6330 10 18 26 36
6331 9
6332 24
6333 33
6334 11 19
6335 16
6336 20
6337 18 26 37
6338 5 13 17
6339 5
6340 12
6341 10
6342 13 17 24
6343 8 13 17 22 27
6344 3 19
6345 14
6346 16 24
6347 1 19 28
6348 11
6349 6
6350 21
6351 1 4
6352 3 7
6353 3 13 17
6354 7 11 19 24
6355 16 23
6356 5
6357 5
6358 5 14
6359 1 16
6360 6 16
6361 8
6362 37
6363 8 19
6364 26
6365 29
6366 19
6367 19
6368 20
6369 16
6370 7 8
6371 10
6372 3 10 26
6373 24
6374 19
6375 22
6376 8 13 17 19
6377 21
6378 13 17
6379 4
6380 2
6381 13 17
6382 16
6383 1 27 37
6384 5
6385 32
6386 6
6387 22
6388 37
6389 2 19
6390 7
6391 20
6392 21
6393 24
6394 13 17 33
6395 19
6396 2
6397 7 14
6398 3
6399 6
6400 3 6 16 20 26 33
6401 5 18
6402 1 16 22 30
6403 37
6404 8 19
6405 8
6406 19
6407 4 16
6408 6 10
6409 6
6410 2
6411 14 28
6412 20
6413 16
6414 21
6415 16
6416 3
6417 2
6418 6 24 30
6419 18
6420 16 19
6421 8 19
6422 23
6423 10
6424 4 19
6425 5 33
6426 7 19 24 25
6427 6
6428 11
6429 5
6430 9 29
6431 2
6432 5
6433 5
6434 2
6435 22 30
6436 20
6437 21
6438 21
6439 21 24
6440 2
6441 23
6442 6
6443 20
6444 7
6445 9
6446 19
6447 21
6448 5
6449 8
6450 5
6451 21
6452 21
6453 19 29
6454 19
6455 5
6456 13 17
6457 8
6458 9
6459 11
6460 33
6461 2 21
6462 6 24
6463 7
6464 2
6465 5
6466 24
6467 18
6468 8 19
6469 31
6470 4 8
6471 5
6472 13 17
6473 10
6474 3 29
6475 21
6476 6
6477 3
6478 20
6479 7 21
6480 2
6481 14
6482 11
6483 5
6484 2
6485 21
6486 10
6487 9
6488 10
6489 5
6490 8
6491 5
6492 13 17
6493 32
6494 6 33
6495 2
6496 9 21
6497 8
6498 8 18
6499 33
6500 8 31
6501 16
6502 4 7
6503 8
6504 30
6505 8
6506 11 14
6507 24
6508 8
6509 7
6510 6
6511 19
6512 19
6513 8
6514 11
6515 5
6516 24
6517 2 6
6518 6
6519 14
6520 5
6521 18
6522 2 6 14 19
6523 6
6524 4
6525 3
6526 22
6527 26
6528 28
6529 3 6
6530 2
6531 16 24
6532 29
6533 18
6534 10
6535 21
6536 31
6537 2 3
6538 2
6539 3
6540 7
6541 4
6542 4 8
6543 19 24
6544 19
6545 3
6546 21
6547 8
6548 13 17 38
6549 5
6550 26
6551 5
6552 8
6553 5 29
6554 15
6555 6
6556 5 30
6557 11
6558 22
6559 9 14
6560 11
6561 23
6562 8 19
6563 7 25
6564 24
6565 5
6566 16 24
6567 2
6568 2
6569 3
6570 19
6571 5
6572 24
6573 7 11 22
6574 8
6575 26
6576 24 25
6577 2
6578 24
6579 13 17 33
6580 5 10 26 29
6581 5 7 19
6582 14
6583 8 16
6584 21
6585 19
6586 5
6587 19 24
6588 28 32
6589 2
6590 7 22
6591 3 7
6592 21
6593 18
6594 35
6595 8 11 13 17
6596 24
6597 6
6598 6
6599 10
6600 2
6601 19
6602 2 18
6603 24
6604 3
6605 10 26 29
6606 8
6607 16
6608 5 14
6609 10
6610 38
6611 19
6612 5
6613 1 2 15 32
6614 14
6615 22
6616 8
6617 5
6618 2 21 32
6619 22
6620 3
6621 5
6622 1
6623 26
6624 9
6625 8 19
6626 11
6627 25
6628 24
6629 24
6630 24 30
6631 26
6632 6
6633 20
6634 2
6635 5 13 17
6636 21
6637 6
6638 26
6639 7 16
6640 28
6641 22
6642 9 18
6643 13 17 24
6644 6 13 15 17 19
6645 14 15
6646 23
6647 5
6648 24
6649 24
6650 5
6651 14
6652 4
6653 14
6654 6 36
6655 6 18 20
6656 18
6657 5
6658 31 32
6659 5 6 19
6660 3
6661 11
6662 25
6663 16
6664 20
6665 10
6666 14
6667 11 13
6668 11
6669 19
6670 13
6671 14
6672 14
6673 3 23
6674 8 19
6675 11
6676 2 21
6677 4 5 6 9 20 36
6678 6 28 29
6679 32
6680 28
6681 35
6682 8
6683 6
6684 14
6685 30
6686 21
6687 19 25
6688 9 13 17 37
6689 8
6690 13 17 36
6691 5
6692 3 14
6693 8 19
6694 13 17
6695 14
6696 2 9
6697 2
6698 11
6699 9
6700 1 6 27 38
6701 8
6702 2
6703 6
6704 7 18 22 30
6705 2
6706 14
6707 19
6708 1 2
6709 10
6710 18
6711 23 32
6712 11
6713 18
6714 2
6715 2
6716 18
6717 18 19
6718 5
6719 19
6720 24 25 30
6721 13 17
6722 19
6723 19 20 24
6724 7
6725 36
6726 30
6727 3
6728 30
6729 7
6730 23
6731 24
6732 16
6733 8
6734 3
6735 13 17 24
6736 8 15
6737 24
6738 11
6739 8
6740 19
6741 2
6742 24
6743 3
6744 8
6745 21
6746 6
6747 13
6748 16 28 32
6749 6
6750 34
6751 21
6752 4
6753 2 10
6754 23
6755 6
6756 6 19 24
6757 35
6758 13 17 19
6759 5 11
6760 24
6761 19
6762 6
6763 6
6764 6 30
6765 24
6766 16
6767 2
6768 4
6769 11 14
6770 7
6771 7
6772 3
6773 8
6774 7
6775 10 15
6776 28
6777 2 19
6778 8
6779 1
6780 19
6781 8
6782 5
6783 8 16
6784 3 9 13
6785 19
6786 5
6787 7
6788 10 32
6789 24
6790 5
6791 2 5 6 11 18 36
6792 5
6793 8 19
6794 2 11 19
6795 3 28 32
6796 3
6797 38
6798 19 24
6799 21
6800 6
6801 2 14 24
6802 7
6803 3
6804 6
6805 8
6806 8 19
6807 5
6808 19
6809 7
6810 19
6811 3
6812 33
6813 20
6814 5
6815 26
6816 7
6817 29
6818 5
6819 5
6820 19
6821 23
6822 21
6823 8
6824 2 35
6825 16
6826 3
6827 8
6828 8
6829 8
6830 3
6831 3 31 32
6832 13 17
6833 4
6834 5 24 30
6835 6
6836 14 15
6837 24
6838 5
6839 5
6840 27
6841 24
6842 18
6843 8 19
6844 13 17
6845 4
6846 2 9
6847 19 26
6848 9 19
6849 6
6850 19
6851 16
6852 26
6853 8 24
6854 19
6855 20
6856 32
6857 8 32
6858 6
6859 37
6860 13 17 19 26
6861 21
6862 8 19
6863 3
6864 20
6865 8 18
6866 7
6867 7
6868 21
6869 16
6870 8
6871 19
6872 23
6873 24
6874 3
6875 6
6876 30
6877 20
6878 24
6879 24
6880 32
6881 3
6882 11
6883 6 8
6884 6
6885 6 9 19 29
6886 14
6887 19
6888 25
6889 15
6890 13 17
6891 19
6892 4
6893 5 13 17
6894 9
6895 6
6896 8 11
6897 24
6898 16 24
6899 7 14 16 23 25
6900 6
6901 2 8 11 19 32
6902 6
6903 7
6904 3
6905 6
6906 26
6907 7
6908 19
6909 14
6910 13
6911 8 19
6912 9 18
6913 9
6914 3 6
6915 18 26
6916 2
6917 29
6918 10
6919 3 5 14 21
6920 25
6921 21
6922 16
6923 2
6924 19 24
6925 13 23 36
6926 19 24
6927 5
6928 5
6929 16
6930 28
6931 8
6932 10
6933 3 6
6934 6
6935 24
6936 8
6937 1 2 13 17
6938 9
6939 5
6940 22
6941 30
6942 5 6 24
6943 5
6944 2
6945 16
6946 19 24
6947 5
6948 2
6949 5 23 24
6950 18
6951 13 17 33
6952 16
6953 11 13 17
6954 38
6955 5 16
6956 6
6957 2
6958 5
6959 6
6960 2 5 7
6961 32
6962 5 8 11
6963 16
6964 5
6965 31 32
6966 28
6967 5 32
6968 29
6969 7
6970 30
6971 5
6972 2
6973 2
6974 16
6975 24
6976 6
6977 5 21
6978 10
6979 2
6980 5 6 30
6981 13 17 19
6982 38
6983 2 3 6 7 13 17 23 32
6984 19
6985 5
6986 28
6987 6
6988 33
6989 6 7 13 15 17 32
6990 16
6991 8
6992 11 19
6993 24
6994 8 19
6995 8
6996 2
6997 2
6998 3
6999 2
7000 13 17 20
7001 2 7 10
7002 22
7003 3 6
7004 14
7005 36
7006 19
7007 24
7008 23
7009 20
7010 9
7011 2
7012 14 19
7013 24
7014 13 17
7015 7
7016 21
7017 25
7018 24
7019 2
7020 6
7021 8
7022 2 3
7023 24
7024 19
7025 20
7026 9
7027 3
7028 3
7029 6
7030 13
7031 32
7032 2
7033 13 17
7034 18 31
7035 24
7036 19
7037 3
7038 13 19
7039 16
7040 2
7041 2
7042 5
7043 2 13 17 21
7044 2 14 20 22 23 32
7045 6
7046 11
7047 6
7048 24
7049 6 13 17
7050 19
7051 5
7052 32
7053 22
7054 24 30
7055 5 10
7056 28
7057 21
7058 16 23
7059 30
7060 23 24 25 30
7061 32
7062 19
7063 19
7064 16
7065 26
7066 5
7067 16
7068 6
7069 3
7070 8 19
7071 36
7072 3
7073 3
7074 15 21
7075 3 8 10 30
7076 6
7077 14 30 33
7078 9 19
7079 13 17
7080 8
7081 5
7082 5
7083 16
7084 24
7085 2 7 14
7086 2 5
7087 32
7088 19
7089 18 22
7090 24
7091 7
7092 8
7093 16
7094 13 17
7095 5
7096 7 22
7097 6
7098 8
7099 6 12 20 27
7100 6
7101 21
7102 6 16
7103 6 22
7104 2 7
7105 23
7106 19
7107 2
7108 21
7109 24
7110 2
7111 29
7112 15
7113 24
7114 6
7115 8
7116 2
7117 8 26 29
7118 30
7119 5
7120 24
7121 6
7122 8
7123 16
7124 1 6 18 20 29
7125 13
7126 8
7127 32
7128 11 16 19
7129 3 6
7130 19
7131 6
7132 1 19
7133 8 19 22
7134 5 13 17
7135 10 13 32
7136 24
7137 36
7138 13 17
7139 19
7140 23
7141 6 32
7142 19 33
7143 6
7144 30
7145 9
7146 10
7147 6
7148 19
7149 19 24
7150 19
7151 14
7152 13 17
7153 19 24
7154 8
7155 6
7156 2
7157 14
7158 19 24 25 30
7159 5
7160 19
7161 19
7162 1
7163 4 5
7164 5 19
7165 8
7166 19
7167 5 6
7168 23 24
7169 5
7170 5 13
7171 23
7172 19
7173 2
7174 6
7175 5 16
7176 16
7177 8
7178 8 19
7179 2
7180 37
7181 19
7182 2
7183 13 17 24
7184 3
7185 6 11
7186 16
7187 2
7188 2 13 17
7189 24
7190 30
7191 16 32
7192 5
7193 6
7194 23
7195 18 24
7196 16
7197 11
7198 11 19
7199 8
7200 13 17
7201 7
7202 13 17
7203 24
7204 24
7205 8
7206 23
7207 5
7208 8
7209 13 17
7210 14
7211 7
7212 19
7213 33
7214 38
7215 20
7216 21
7217 4 15 18 26
7218 21
7219 21
7220 6
7221 21
7222 5
7223 5 6 24
7224 21
7225 5
7226 21 26
7227 7
7228 6
7229 5
7230 21
7231 10
7232 3
7233 32
7234 28
7235 22
7236 2 3 28 29 32
7237 3
7238 2
7239 2
7240 3
7241 5
7242 19 24
7243 23
7244 2
7245 24
7246 3
7247 21
7248 37
7249 18
7250 19
7251 8 15
7252 14
7253 10
7254 13 17 32
7255 8
7256 7
7257 20
7258 16
7259 23 24
7260 3 14
7261 24
7262 6
7263 21
7264 33
7265 2 10
7266 32
7267 6
7268 32
7269 6
7270 8 19
7271 10 19
7272 5
7273 2
7274 22
7275 2
7276 4 23
7277 19
7278 14
7279 7 11 19 30
7280 32
7281 21 33
7282 8 19
7283 2
7284 30
7285 19
7286 19 24
7287 19
7288 7
7289 16
7290 19
7291 38
7292 19 30
7293 13 14 26
7294 6 10
7295 6
7296 16
7297 3
7298 19
7299 6
7300 30
7301 20
7302 13 17
7303 19
7304 6
7305 9
7306 1 24
7307 18
7308 28 32
7309 22
7310 3
7311 16
7312 23
7313 8 24
7314 36
7315 3 6
7316 6
7317 19
7318 18
7319 5 21
7320 8
7321 5
7322 5
7323 3 8 13 17 29
7324 7
7325 19
7326 2 36
7327 16
7328 5
7329 3
7330 19
7331 23
7332 11
7333 15
7334 3 13 17
7335 11
7336 24
7337 6
7338 2
7339 5
7340 22
7341 18
7342 21
7343 23
7344 2
7345 25
7346 18
7347 5
7348 8
7349 2
7350 8
7351 19
7352 19 24
7353 26
7354 5 13 17
7355 6
7356 3 6
7357 14
7358 8 19
7359 2
7360 5
7361 8 19
7362 8
7363 7
7364 8
7365 8 19
7366 7
7367 16 30
7368 2
7369 26
7370 8
7371 2
7372 29
7373 24
7374 8 19
7375 26
7376 13 17
7377 6 7
7378 5
7379 19
7380 30
7381 8
7382 2
7383 6 8
7384 26
7385 8 18
7386 3 13 17
7387 21
7388 6 8 22
7389 32
7390 5
7391 32
7392 6
7393 6
7394 8
7395 7 9 20
7396 3 13 17
7397 36
7398 8
7399 14
7400 8 13 17 33
7401 21
7402 7
7403 19
7404 20
7405 7
7406 6
7407 16 19
7408 10
7409 21
7410 14
7411 2
7412 16
7413 5
7414 2 7
7415 5
7416 6 36
7417 24
7418 4 15
7419 6
7420 5
7421 22
7422 16
7423 9
7424 19
7425 8
7426 19
7427 8 19
7428 8 16 19 24
7429 30
7430 16 27
7431 19
7432 3 23
7433 8
7434 16
7435 7
7436 3 6
7437 2
7438 26
7439 5
7440 3 6
7441 6
7442 6
7443 11
7444 6
7445 2
7446 4
7447 24
7448 23
7449 20
7450 14
7451 24 30
7452 36
7453 6
7454 6
7455 10
7456 8 16
7457 36
7458 7 37
7459 19
7460 7
7461 6 7
7462 16
7463 9
7464 13 17
7465 13 17
7466 5
7467 20
7468 7 9
7469 38
7470 5
7471 1 13 17
7472 33
7473 5
7474 2
7475 5
7476 3
7477 5
7478 1
7479 3
7480 5
7481 23
7482 5
7483 2
7484 8
7485 9
7486 32
7487 23
7488 3
7489 6
7490 28
7491 18
7492 7
7493 8
7494 20
7495 18
7496 32
7497 23
7498 19
7499 16
7500 8 16 19
7501 16 19
7502 32
7503 10
7504 4
7505 28
7506 11
7507 11 14
7508 6
7509 14
7510 7
7511 5 13 16 17
7512 15 22 26
7513 3 7
7514 10
7515 11
7516 21
7517 19
7518 5
7519 21
7520 3
7521 16
7522 2
7523 2
7524 24
7525 5
7526 19
7527 21
7528 24
7529 18
7530 19 24
7531 4
7532 3
7533 23 24
7534 6 8 18 29
7535 23 28
7536 6
7537 23
7538 22
7539 3
7540 30
7541 6
7542 21
7543 6
7544 30
7545 28
7546 7
7547 3
7548 8 19
7549 6
7550 1
7551 19
7552 8
7553 37
7554 13 17
7555 7
7556 2
7557 5
7558 7 33
7559 16
7560 16
7561 3
7562 4 19
7563 18
7564 8
7565 8 25
7566 37
7567 3
7568 2 7
7569 8 27
7570 13 17
7571 2
7572 7
7573 33
7574 15 31
7575 38
7576 11
7577 19
7578 12 19 24
7579 5 32
7580 38
7581 20 28 32
7582 13 17
7583 8
7584 16
7585 5
7586 6
7587 8 19
7588 8
7589 4 8
7590 6
7591 23
7592 2
7593 15
7594 5
7595 21
7596 19
7597 5
7598 24
7599 20
7600 5
7601 8
7602 18
7603 3 6
7604 18
7605 6
7606 21
7607 29
7608 2
7609 9
7610 13
7611 10
7612 2
7613 23 24
7614 9 32
7615 18
7616 6
7617 5
7618 5 13
7619 19
7620 8 19
7621 7
7622 8
7623 20
7624 15
7625 2
7626 29
7627 7 34
7628 36
7629 30
7630 3
7631 8
7632 2 31
7633 19
7634 2 21
7635 8
7636 19
7637 19
7638 8
7639 18
7640 27
7641 26
7642 6
7643 2
7644 6
7645 25
7646 24
7647 5 10
7648 32
7649 21
7650 37
7651 14
7652 19
7653 18
7654 16 29
7655 24
7656 11
7657 23 36
7658 11
7659 2
7660 19
7661 8 19
7662 7
7663 20
7664 2
7665 30
7666 2
7667 32
7668 5
7669 8
7670 11
7671 24
7672 19
7673 5 21
7674 18
7675 24
7676 37
7677 7
7678 24
7679 38
7680 10 19 31 36
7681 8 19
7682 16 18
7683 8 30
7684 32
7685 11
7686 9
7687 24
7688 2 21
7689 24
7690 6 16
7691 16
7692 6
7693 36
7694 5
7695 7
7696 3
7697 30
7698 14
7699 3 6 19
7700 19
7701 6
7702 22 24 30
7703 32
7704 8
7705 28
7706 6 18
7707 6
7708 9 11 36
7709 3
7710 19
7711 13 17 19
7712 8
7713 5
7714 7 14
7715 7 14
7716 25
7717 6 24
7718 14 15
7719 26
7720 24
7721 5
7722 33
7723 2
7724 8
7725 19
7726 19
7727 4
7728 6
7729 13 15 16 17 33
7730 19 24
7731 9
7732 16
7733 23
7734 8 19
7735 6 24
7736 25
7737 33
7738 8
7739 5
7740 5
7741 18
7742 4
7743 28
7744 20
7745 22
7746 7
7747 6
7748 5
7749 3
7750 14
7751 19
7752 2 9 24
7753 8
7754 7
7755 19
7756 8
7757 3 21
7758 35 39
7759 3 16
7760 8
7761 10
7762 6
7763 16
7764 25
7765 6
7766 6 24
7767 21
7768 18
7769 2
7770 19
7771 18 24
7772 7 18
7773 6 25
7774 2
7775 8
7776 7
7777 19
7778 2
7779 16
7780 18
7781 19
7782 26
7783 5
7784 6
7785 19
7786 12
7787 14
7788 26
7789 8
7790 3 8
7791 8 19
7792 18
7793 3
7794 4 5
7795 6
7796 13
7797 18
7798 3
7799 6 18
7800 13
7801 22
7802 5
7803 7
7804 5 11
7805 6
7806 19
7807 5
7808 16
7809 3
7810 13 17
7811 2 7
7812 33
7813 5
7814 8 22
7815 19
7816 5
7817 24
7818 7
7819 3 15 19
7820 2
7821 22
7822 20
7823 3
7824 6
7825 10
7826 5
7827 11
7828 10
7829 5
7830 6 18
7831 8
7832 8 19
7833 11
7834 3
7835 16
7836 11 19 20
7837 6
7838 6
7839 8
7840 6
7841 10
7842 18
7843 8
7844 3
7845 1 2 5 14 19 20
7846 5
7847 28
7848 24 37
7849 19
7850 2
7851 8
7852 25 30
7853 22 32
7854 21
7855 6
7856 12
7857 22
7858 8 35
7859 24
7860 2
7861 10
7862 19
7863 4
7864 9
7865 4
7866 14 20 29
7867 6
7868 32
7869 11
7870 23
7871 15 19
7872 21
7873 6 32
7874 6
7875 6 32
7876 4
7877 8 19 28
7878 4
7879 3
7880 8 24
7881 8
7882 21
7883 19 31
7884 19
7885 37
7886 37
7887 5
7888 5
7889 9
7890 10
7891 16 29
7892 23
7893 10
7894 3 8
7895 18
7896 19
7897 19
7898 2
7899 8
7900 5
7901 6
7902 3
7903 7 16 29
7904 30
7905 15 22
7906 23
7907 3
7908 6
7909 11
7910 12
7911 8 19
7912 5
7913 9 19 36
7914 8
7915 24
7916 1 3 6 11
7917 24
7918 8
7919 8 19
7920 6
7921 8 19
7922 14
7923 12 28
7924 10
7925 24 30
7926 10
7927 22
7928 6
7929 8
7930 2
7931 19
7932 23
7933 2
7934 4
7935 5
7936 28
7937 11
7938 6
7939 19
7940 5
7941 14
7942 6
7943 31 32
7944 24
7945 10
7946 3
7947 30
7948 30
7949 8
7950 33
7951 16
7952 5
7953 18
7954 6 19
7955 24
7956 7 13 17
7957 7
7958 3 6
7959 8
7960 6
7961 6
7962 6
7963 6
7964 7
7965 13 17
7966 30
7967 7
7968 24
7969 7 18
7970 19
7971 7
7972 28
7973 10
7974 27
7975 9 30
7976 10
7977 6
7978 33
7979 20
7980 5
7981 6
7982 20
7983 10
7984 14
7985 5
7986 3
7987 5 24 30
7988 6
7989 10
7990 24
7991 3
7992 6
7993 5
7994 5
7995 6
7996 6
7997 3 5 16
7998 13 17 33
7999 16
8000 14
8001 2 7
8002 19 30
8003 11 21
8004 3
8005 8
8006 38
8007 9 29
8008 6
8009 20 35
8010 5 8
8011 8
8012 16
8013 31 32
8014 1
8015 19 24
8016 14
8017 5
8018 16
8019 5
8020 19
8021 11
8022 24
8023 3
8024 23
8025 16
8026 14 20
8027 18
8028 6
8029 13 17 35
8030 5
8031 3
8032 11
8033 7 14
8034 19 24
8035 6
8036 7
8037 8
8038 1
8039 19
8040 8
8041 3
8042 8
8043 2
8044 24
8045 22
8046 30
8047 19
8048 2
8049 16
8050 33
8051 10
8052 5
8053 19 22
8054 8 19
8055 29
8056 19
8057 23
8058 19
8059 2
8060 19
8061 6
8062 16
8063 5
8064 13 14 28 32
8065 16 19 24
8066 11
8067 5
8068 16
8069 20
8070 2
8071 19
8072 15 23
8073 5 6 8 19
8074 25
8075 3 8
8076 4 8 19 24
8077 9
8078 8 28
8079 32
8080 8 19
8081 8
8082 8
8083 18
8084 7
8085 2
8086 36
8087 32
8088 6
8089 19
8090 23
8091 6
8092 30
8093 2 10
8094 24
8095 21
8096 6
8097 1 22
8098 2 3 6 11 32
8099 20
8100 24
8101 33
8102 2 8
8103 6
8104 24
8105 16
8106 7 14 24
8107 5 24
8108 6
8109 8
8110 18 32
8111 26
8112 6
8113 4 19 24 37
8114 7
8115 27
8116 20
8117 3
8118 5
8119 2
8120 3
8121 6 30
8122 24
8123 7 15
8124 19
8125 6
8126 19
8127 3 13 17
8128 2
8129 25
8130 2 7
8131 2
8132 7 14
8133 6
8134 4
8135 3
8136 8 19
8137 3
8138 16
8139 6
8140 6
8141 13 17
8142 21
8143 24
8144 19
8145 4 13 17
8146 20
8147 16
8148 15
8149 19
8150 19
8151 10
8152 2 19
8153 19 24 30
8154 13 17
8155 5 16
8156 30
8157 23
8158 19
8159 8
8160 8 19
8161 2 5 23
8162 27
8163 26
8164 6
8165 21
8166 4 16
8167 6 16 24
8168 16
8169 5 16
8170 16
8171 6
8172 8 19
8173 7
8174 2 25
8175 3 28
8176 1 6 8 11
8177 9
8178 9
8179 8
8180 3
8181 24 38
8182 2
8183 8
8184 7 36
8185 2
8186 11
8187 24
8188 8
8189 5 24
8190 5 11
8191 32
8192 3 24
8193 19
8194 19 24 30
8195 2 3
8196 13 15 17
8197 2 8 28
8198 7
8199 35
8200 11
8201 5
8202 18
8203 5
8204 32
8205 8 36
8206 6
8207 9 13 17 19
8208 6
8209 2
8210 1 5
8211 24
8212 36
8213 19 24
8214 23 24
8215 9
8216 4 20
8217 32 36
8218 16
8219 16
8220 7 22
8221 3
8222 23
8223 8
8224 37
8225 16
8226 6
8227 5
8228 13 17
8229 21
8230 19
8231 5
8232 19
8233 18
8234 8
8235 3
8236 8
8237 3
8238 13 17
8239 19
8240 6
8241 7
8242 2 9
8243 5 23
8244 7
8245 2 3 16 24
8246 7 24
8247 6
8248 19
8249 8
8250 5
8251 21
8252 14
8253 8 19
8254 4
8255 23
8256 6
8257 19
8258 8 19
8259 22
8260 27
8261 14 28 32
8262 29
8263 14
8264 6
8265 6
8266 6
8267 22 24
8268 26
8269 2
8270 21
8271 15
8272 5
8273 5 36
8274 11
8275 2
8276 37
8277 7 27
8278 16
8279 19
8280 5 13 17
8281 5
8282 24
8283 16
8284 18
8285 21
8286 5
8287 32
8288 16
8289 32
8290 16 24
8291 3 29
8292 7
8293 6
8294 24
8295 8
8296 19
8297 16
8298 8 19
8299 25
8300 5
8301 2 28
8302 8 19
8303 1
8304 19
8305 23
8306 6 24
8307 8
8308 21
8309 8
8310 19
8311 24
8312 24
8313 7
8314 32
8315 2
8316 11
8317 8 19
8318 8 19
8319 3 13 17
8320 7
8321 5
8322 30
8323 5
8324 19
8325 24
8326 10
8327 5
8328 2
8329 28
8330 16
8331 24
8332 30
8333 16
8334 11
8335 25
8336 14
8337 21
8338 22
8339 13 17
8340 5
8341 8
8342 8
8343 19
8344 9
8345 19
8346 28
8347 30
8348 13 17 33
8349 27
8350 13
8351 3
8352 8 24 36
8353 28
8354 5 6 26
8355 15 35
8356 8
8357 26 29
8358 19 30
8359 24
8360 23
8361 5
8362 24
8363 18
8364 6
8365 11 19
8366 20
8367 5
8368 27
8369 4
8370 6
8371 14 33
8372 24
8373 31 32
8374 19
8375 5
8376 6
8377 29
8378 6 30
8379 6 24
8380 5
8381 26
8382 2
8383 23
8384 6
8385 7
8386 18
8387 32
8388 7
8389 19
8390 2
8391 5
8392 21
8393 13 17
8394 8
8395 5
8396 19
8397 6 9
8398 3
8399 24
8400 8
8401 8 13 17
8402 5
8403 1
8404 28
8405 5 26
8406 21
8407 18
8408 7
8409 3 16
8410 23
8411 24
8412 28
8413 3 18
8414 3
8415 1
8416 5
8417 2
8418 18
8419 13
8420 32
8421 3 6 19
8422 18
8423 8 35
8424 6 24
8425 30
8426 21 26
8427 19
8428 24
8429 8
8430 6
8431 37
8432 19 30
8433 23
8434 22
8435 13 17 19
8436 25
8437 5
8438 16
8439 4
8440 38
8441 28
8442 18
8443 19 24
8444 23
8445 30
8446 13 17
8447 8
8448 4 6 13 14 17
8449 2 11
8450 19
8451 33
8452 24
8453 6 9
8454 2
8455 9
8456 6
8457 21
8458 20 31
8459 10 26
8460 3
8461 1 24
8462 30
8463 15
8464 7
8465 30
8466 31
8467 5
8468 31
8469 6
8470 26
8471 26
8472 3
8473 18
8474 7
8475 26
8476 3 6 15 24
8477 28
8478 2
8479 8 23
8480 24
8481 16
8482 37
8483 37
8484 24
8485 10
8486 4 8 22
8487 3 8
8488 19
8489 6
8490 19
8491 25
8492 13 17
8493 6
8494 25
8495 6
8496 19
8497 11
8498 36
8499 23
8500 6
8501 19 36
8502 22
8503 37
8504 3
8505 24
8506 16
8507 7
8508 13 17
8509 4 24
8510 20 22
8511 6
8512 29 32
8513 29
8514 26 29
8515 2 7
8516 5
8517 19 24
8518 3
8519 5
8520 7
8521 30
8522 19
8523 16
8524 4 6
8525 2
8526 8 38
8527 31
8528 11 16
8529 19
8530 3
8531 2 36
8532 24 25
8533 18
8534 8
8535 16
8536 6
8537 24
8538 9
8539 6
8540 2
8541 19
8542 3
8543 8
8544 5
8545 18
8546 15 19 24
8547 32
8548 15
8549 8 19 20
8550 24
8551 23
8552 19
8553 13 17
8554 7 14
8555 10 16
8556 7 22
8557 18
8558 14
8559 21
8560 13 17
8561 16
8562 16 20
8563 13 17
8564 8 16 19
8565 16
8566 7
8567 8
8568 8
8569 8
8570 27
8571 19 33
8572 25
8573 7
8574 8
8575 16 24
8576 16
8577 13 17
8578 6 24
8579 19
8580 6 11
8581 8
8582 10
8583 19
8584 2
8585 16
8586 21
8587 19 24
8588 22
8589 19
8590 23
8591 24
8592 31
8593 24
8594 5
8595 18
8596 16
8597 24
8598 2
8599 29
8600 19
8601 5
8602 8
8603 24 30
8604 8 13 17 19
8605 11
8606 36
8607 9
8608 24
8609 2 3
8610 22
8611 11
8612 19
8613 7
8614 5
8615 11
8616 32
8617 7
8618 8 16
8619 3
8620 11 36
8621 37
8622 15
8623 5
8624 7
8625 23
8626 19
8627 8
8628 20
8629 6
8630 16 24
8631 11 34
8632 20
8633 33
8634 28
8635 7
8636 5
8637 31
8638 3 6
8639 14
8640 8 19
8641 18 24
8642 2
8643 24
8644 19
8645 19
8646 8
8647 16
8648 8
8649 22
8650 4
8651 2 7
8652 3
8653 16 32
8654 8
8655 5 6 7 14
8656 4
8657 19
8658 5
8659 11
8660 7
8661 2
8662 14
8663 24
8664 5
8665 6 19 24
8666 23
8667 3 6
8668 24
8669 22
8670 20
8671 6
8672 10
8673 7
8674 23
8675 13 17
8676 8
8677 5 13 17 27
8678 8 19
8679 7
8680 19
8681 3
8682 2
8683 7
8684 19
8685 6
8686 19
8687 8 19
8688 18 28
8689 19
8690 28
8691 2
8692 8
8693 25
8694 9
8695 30
8696 13
8697 24
8698 3
8699 4 8
8700 19
8701 16
8702 16 24
8703 5 13 17
8704 13
8705 7
8706 14 21
8707 10
8708 16
8709 20
8710 14
8711 21
8712 3
8713 18
8714 19
8715 32
8716 20 21
8717 36
8718 24
8719 29
8720 8 19 32
8721 8 24
8722 8
8723 19
8724 6 13 17 29
8725 5
8726 15 24
8727 2
8728 18
8729 32
8730 19
8731 19 32
8732 19
8733 36
8734 10
8735 12 32
8736 8
8737 33
8738 24
8739 15
8740 2 21
8741 29
8742 14
8743 7
8744 8
8745 21
8746 19
8747 8
8748 7
8749 5 15
8750 6
8751 19
8752 10
8753 7 16 24 33
8754 3
8755 1
8756 15
8757 8 19
8758 9
8759 3 6 8 19
8760 24
8761 9
8762 6
8763 13 17
8764 20
8765 3 6 15
8766 8 19
8767 31
8768 22
8769 4
8770 2
8771 8
8772 21
8773 3
8774 11 16 19
8775 34
8776 7
8777 19
8778 3
8779 6
8780 9
8781 15 24
8782 5
8783 27
8784 23
8785 22
8786 32
8787 32
8788 11 28
8789 6
8790 22
8791 8
8792 13 17
8793 20
8794 7
8795 26 29
8796 23
8797 6
8798 31
8799 6 30
8800 6 11
8801 32
8802 10
8803 9
8804 16
8805 7
8806 6
8807 7
8808 19
8809 16 30
8810 7
8811 2 6 32 36
8812 14
8813 6
8814 22 30
8815 30
8816 5
8817 6
8818 10
8819 13 17
8820 2 32
8821 23
8822 28
8823 16
8824 7 24
8825 16
8826 18
8827 6
8828 26
8829 7
8830 6
8831 31 32
8832 6
8833 21
8834 6
8835 5 15
8836 3
8837 23
8838 24
8839 7
8840 2
8841 7 32
8842 13 17
8843 24
8844 24
8845 5
8846 7
8847 3
8848 5
8849 7
8850 11
8851 6
8852 10
8853 19
8854 7 25
8855 13 17
8856 18 35
8857 32
8858 6
8859 7
8860 19
8861 19
8862 27
8863 24 30
8864 22
8865 3 18
8866 7 33
8867 19
8868 8
8869 38
8870 18
8871 8 19
8872 8
8873 5 24 34
8874 20
8875 7 14 31 32
8876 3 4 6
8877 23
8878 3
8879 7 11
8880 10
8881 23
8882 24
8883 6
8884 23
8885 19
8886 3 5
8887 8 19
8888 11
8889 32
8890 28
8891 6 13 30 36
8892 8
8893 6
8894 2
8895 19
8896 7
8897 10
8898 19
8899 6 24
8900 6
8901 24
8902 4 15 18 19
8903 19
8904 19
8905 16 24
8906 7
8907 18
8908 7 14 18
8909 19
8910 37
8911 6 14
8912 8
8913 3 19
8914 29
8915 24
8916 35
8917 11 13 17
8918 8 19 29
8919 5
8920 5 28
8921 2
8922 19
8923 4
8924 3 8
8925 6
8926 8 19
8927 4
8928 7
8929 14
8930 8
8931 14
8932 19
8933 20
8934 3
8935 10
8936 11 35
8937 13 17
8938 5
8939 19
8940 19
8941 19
8942 5 15
8943 24
8944 8
8945 3 18
8946 13 17
8947 26
8948 36
8949 24
8950 6 13 17
8951 32
8952 13 17
8953 16
8954 3 6
8955 15
8956 20
8957 6
8958 8 28 29
8959 7 14
8960 6
8961 4
8962 5
8963 36
8964 8
8965 3 8 19 32
8966 8 19
8967 3
8968 11
8969 8
8970 5 14
8971 8
8972 10
8973 19
8974 8 19
8975 11 20 22 28 36
8976 7
8977 19
8978 11 13 17 26
8979 18
8980 8
8981 13 17
8982 5
8983 13 17
8984 6
8985 19
8986 3 8 16
8987 6 7
8988 22
8989 6
8990 8
8991 3 5 8 19
8992 11
8993 38
8994 19
8995 13 17
8996 19
8997 29
8998 3 10
8999 19
9000 7 11
9001 9 29
9002 19
9003 19
9004 6
9005 4 5 10
9006 2
9007 21
9008 4
9009 9
9010 2
9011 26
9012 28
9013 32
9014 2
9015 16
9016 3
9017 23
9018 3 6
9019 24 25
9020 8 9
9021 30
9022 6
9023 9
9024 8
9025 11 19
9026 9
9027 7 14
9028 8 24
9029 29
9030 5 6 18 30
9031 3
9032 13 17
9033 10
9034 14
9035 5
9036 5
9037 20
9038 5
9039 19
9040 2
9041 15
9042 5 6
9043 1
9044 19
9045 26
9046 5
9047 8 9 19
9048 7
9049 26
9050 6
9051 30
9052 34
9053 2
9054 6
9055 16 27
9056 3
9057 5
9058 11
9059 18
9060 7
9061 21
9062 18
9063 15
9064 11
9065 9
9066 5
9067 13 17
9068 1
9069 9
9070 14
9071 5
9072 1 8
9073 16 32
9074 24
9075 23
9076 6
9077 8 24
9078 26
9079 8
9080 7 38
9081 5
9082 30
9083 8
9084 19
9085 7
9086 19
9087 24
9088 18 24
9089 5
9090 6
9091 8 10 16 19 29
9092 14
9093 3
9094 3
9095 7
9096 24
9097 5
9098 13 17
9099 23
9100 29
9101 23 24
9102 10
9103 18
9104 5
9105 6
9106 2
9107 15
9108 10
9109 5
9110 20
9111 3
9112 23
9113 19
9114 1 2 7
9115 6
9116 15
9117 19
9118 7
9119 24 30
9120 19
9121 24
9122 29
9123 5
9124 6
9125 5 29 32
9126 22
9127 16
9128 19 25
9129 6 8
9130 3
9131 24
9132 4
9133 6 13 17 33
9134 36
9135 8 19
9136 8 19
9137 8
9138 19 24
9139 18
9140 3
9141 20
9142 11 29
9143 8 19
9144 21
9145 22
9146 26
9147 24
9148 29
9149 5
9150 16
9151 6
9152 13 17
9153 5
9154 29
9155 6 29
9156 6
9157 15
9158 8 19 20
9159 13 17 19 29
9160 6
9161 8
9162 28 32
9163 6
9164 23
9165 5
9166 22
9167 19 24
9168 7
9169 2 6 20 31
9170 5
9171 23
9172 6
9173 6
9174 8
9175 16
9176 7
9177 13 17
9178 10 13 18 19 24 28
9179 5
9180 1 13 17
9181 3
9182 6 13 17 24
9183 8
9184 24
9185 20 32
9186 29
9187 5
9188 19
9189 3 7 21
9190 14
9191 21
9192 5
9193 29
9194 24
9195 6
9196 19
9197 4 5 13 17
9198 6
9199 18
9200 7 24
9201 19
9202 3 15
9203 29
9204 36
9205 24
9206 23
9207 3 8
9208 4
9209 5
9210 18
9211 3 6 7 13 17
9212 29
9213 2 7
9214 24
9215 2
9216 5
9217 5
9218 6
9219 18
9220 5
9221 6 13 15 17
9222 3 7
9223 5
9224 4
9225 30
9226 29
9227 3 8 19
9228 7
9229 13
9230 15
9231 6
9232 4
9233 16
9234 6
9235 9
9236 6
9237 23
9238 8
9239 14 21
9240 6
9241 1
9242 21
9243 7
9244 23
9245 5
9246 8 19
9247 8 22 30 32
9248 23
9249 7 14
9250 7
9251 8
9252 3 7 14
9253 24
9254 29
9255 18 32
9256 29
9257 30
9258 23
9259 16
9260 18
9261 7
9262 6 19 24 32
9263 24
9264 16
9265 5 13 17
9266 7
9267 5 7
9268 8
9269 6
9270 7
9271 16
9272 13 17
9273 18
9274 8 19
9275 6
9276 7 25
9277 5 11
9278 7 8
9279 2 24
9280 6
9281 7
9282 15 18 26
9283 8 19
9284 3 14 29
9285 5 19
9286 5 18
9287 25
9288 15
9289 16
9290 8 25 27
9291 23
9292 13 16 17
9293 6
9294 36
9295 34
9296 1
9297 24 25
9298 8
9299 14
9300 29
9301 15
9302 11
9303 8
9304 3 21
9305 36
9306 24 30
9307 8 19
9308 8
9309 20
9310 18
9311 26
9312 16
9313 5
9314 29
9315 8 19
9316 7
9317 28
9318 21
9319 16 20 23 24
9320 8 24
9321 9
9322 11
9323 10
9324 18
9325 10
9326 7 24
9327 29
9328 8 19
9329 29
9330 7
9331 7
9332 2
9333 6
9334 29
9335 6
9336 19
9337 8
9338 10
9339 20
9340 20
9341 21
9342 11
9343 11 19
9344 8 24
9345 6
9346 23
9347 19
9348 24 30
9349 20
9350 6 13 17 28
9351 36
9352 36
9353 19 31
9354 29
9355 5
9356 16
9357 25
9358 8 19
9359 35
9360 24
9361 24
9362 7
9363 3
9364 7
9365 3
9366 25
9367 36
9368 18
9369 29
9370 28 29
9371 24
9372 6 14 31 32 36
9373 10 36
9374 19 24
9375 36
9376 6 7
9377 19 24 26
9378 19 24
9379 20
9380 31
9381 7
9382 6 11 29
9383 19
9384 5 33
9385 23
9386 13 17
9387 6 11 36
9388 19
9389 8
9390 5
9391 6
9392 6
9393 7
9394 13 17
9395 19
9396 16
9397 19
9398 24
9399 8 19
9400 13 17
9401 3 32
9402 10
9403 19
9404 11
9405 8
9406 19 30
9407 29 32
9408 11
9409 4
9410 8
9411 24
9412 5
9413 6
9414 2 7
9415 19
9416 36
9417 3
9418 29
9419 24
9420 13 18
9421 16
9422 7
9423 29
9424 5
9425 19
9426 3 6
9427 19
9428 5
9429 21
9430 26
9431 26 29
9432 19 26 32
9433 8
9434 10
9435 4 26
9436 32
9437 6
9438 13 17
9439 5
9440 6
9441 9 29
9442 8
9443 3
9444 4 19
9445 7
9446 5 24 28
9447 11
9448 6
9449 22
9450 8 10 23
9451 6
9452 29
9453 8 19 36
9454 8
9455 29
9456 3
9457 7
9458 37
9459 3 29
9460 26
9461 8
9462 2
9463 2
9464 29
9465 18 24
9466 18
9467 7
9468 14
9469 14
9470 4
9471 8 19
9472 19
9473 8 19
9474 2
9475 4
9476 5
9477 13 17
9478 19
9479 29
9480 19
9481 10
9482 6
9483 5
9484 6 8 19
9485 8 19
9486 6
9487 10
9488 3 6 11
9489 19 22 24
9490 6
9491 19 24 32
9492 16
9493 19
9494 5
9495 26
9496 16
9497 18
9498 5
9499 24
9500 5
9501 15
9502 5
9503 19
9504 37
9505 33
9506 8
9507 8 19
9508 21
9509 29 36
9510 1 9
9511 2
9512 15
9513 7 36
9514 14
9515 8
9516 19
9517 10
9518 7
9519 19
9520 23
9521 8
9522 24
9523 7
9524 6 11 26 28 29
9525 11
9526 24
9527 13 17
9528 5 11
9529 10 36
9530 5 11
9531 6 29
9532 6
9533 8 10
9534 3
9535 6
9536 21
9537 5 16 20
9538 8
9539 8 19
9540 19
9541 8
9542 8
9543 7
9544 36
9545 19
9546 29
9547 8 9 26 28 29 33
9548 3 10 18
9549 3 29
9550 8
9551 5 19
9552 16
9553 7
9554 6
9555 30
9556 21
9557 5 21
9558 2
9559 6
9560 8
9561 8
9562 8 19
9563 19
9564 32
9565 19
9566 14
9567 13 17 33
9568 6
9569 19
9570 1 2 28
9571 7 25
9572 7
9573 24 25
9574 19
9575 6 14 21
9576 21
9577 29
9578 5
9579 7
9580 11
9581 8
9582 6
9583 10
9584 2
9585 6
9586 6 8 19
9587 23 24
9588 5
9589 21
9590 19 24
9591 29
9592 7 21
9593 5
9594 2
9595 25
9596 13 17
9597 7
9598 7
9599 6 11
9600 29
9601 5
9602 8 10 19
9603 36
9604 3
9605 27
9606 10 29
9607 19
9608 19
9609 8 19
9610 8
9611 2 8
9612 16
9613 8
9614 8
9615 7 14
9616 1 15
9617 16 30 36
9618 14
9619 8 19
9620 29
9621 19
9622 24
9623 9
9624 28
9625 2
9626 2 3 14
9627 8
9628 7
9629 6
9630 32
9631 19
9632 26 29
9633 19
9634 19
9635 6 11
9636 14
9637 29
9638 37
9639 11 19
9640 7
9641 6
9642 13 17
9643 3
9644 6
9645 28
9646 3 19
9647 18
9648 5 13 17
9649 6
9650 29
9651 21
9652 6
9653 10
9654 10
9655 14
9656 2 15
9657 20
9658 19
9659 18
9660 3
9661 11
9662 36
9663 27
9664 3
9665 19
9666 19
9667 19
9668 5
9669 1 2
9670 21 26
9671 19
9672 5
9673 3 8 11
9674 22
9675 21
9676 6 29 38
9677 5
9678 16
9679 13
9680 24
9681 11
9682 5
9683 2
9684 3 6
9685 2
9686 6 7
9687 11
9688 29
9689 7
9690 25
9691 20
9692 6
9693 2
9694 11 36
9695 3 6
9696 30
9697 2
9698 10
9699 5
9700 8 19
9701 23
9702 6
9703 2
9704 8 19
9705 16
9706 1 5 8 16
9707 8
9708 2 3 16
9709 11 32
9710 19
9711 14
9712 13 17
9713 3
9714 10
9715 38
9716 23
9717 1 18 36
9718 3 6
9719 7
9720 18
9721 18
9722 19
9723 8 19
9724 29
9725 29
9726 1
9727 29
9728 3
9729 8 19 24 30
9730 13
9731 21
9732 6 25 29
9733 8
9734 5
9735 13 17
9736 19
9737 6
9738 8 24
9739 8
9740 19
9741 7
9742 7
9743 6
9744 1 11 16
9745 26
9746 1 19 23 24
9747 32
9748 10
9749 8
9750 37
9751 20 32
9752 8
9753 24
9754 7 19 23 24 25
9755 20
9756 8
9757 19 28
9758 13 17
9759 7
9760 7
9761 10
9762 19
9763 8 19
9764 9
9765 8
9766 14
9767 8 19
9768 24 36
9769 29 36
9770 19
9771 19
9772 6
9773 22
9774 24
9775 8
9776 16
9777 19
9778 12
9779 7
9780 19
9781 3
9782 6
9783 3
9784 5
9785 6
9786 8 19
9787 7 22
9788 19 25
9789 3
9790 19 24
9791 36
9792 5
9793 16
9794 9
9795 16
9796 5
9797 21 36
9798 6
9799 3 23
9800 6 9
9801 8
9802 33
9803 18
9804 1
9805 5
9806 4
9807 5
9808 8
9809 19
9810 11 24
9811 1
9812 3
9813 9 29
9814 19
9815 9
9816 8
9817 16 24
9818 19
9819 6
9820 10
9821 2
9822 3
9823 3 6 8 22 24 25 38
9824 5
9825 8 19
9826 3
9827 24
9828 16
9829 29
9830 11 29
9831 22
9832 3
9833 13 17
9834 6
9835 19
9836 6 7 14
9837 13 14 17
9838 14
9839 8
9840 13 17 31
9841 4 23
9842 14
9843 3 23
9844 2
9845 19
9846 29
9847 8 10
9848 24
9849 10
9850 27 30
9851 5 36
9852 6 14
9853 24
9854 22 24
9855 24
9856 21
9857 24
9858 8
9859 6 28
9860 36
9861 8
9862 21
9863 36
9864 8
9865 13 17 19
9866 30
9867 32
9868 8 19
9869 6 29 31
9870 8
9871 7 14
9872 29
9873 6
9874 7
9875 10
9876 8 11
9877 5
9878 6
9879 6
9880 32
9881 14
9882 8
9883 19
9884 19
9885 16
9886 6 20
9887 8
9888 20
9889 14
9890 4 22
9891 8 16 23 36
9892 13 17
9893 37
9894 19
9895 36
9896 22
9897 19
9898 30
9899 13 17 21
9900 3 6
9901 24
9902 29
9903 32
9904 36
9905 20
9906 6
9907 2
9908 6
9909 2 11
9910 6 18
9911 18 24
9912 19
9913 30
9914 1 36
9915 7
9916 1 10
9917 8 19
9918 19 24
9919 19
9920 3
9921 19
9922 25 34
9923 5 11
9924 6
9925 32
9926 19
9927 5
9928 26
9929 5
9930 3 6
9931 13 17
9932 19
9933 19 20
9934 2 6
9935 8
9936 21
9937 18 22
9938 14 19
9939 27
9940 2
9941 19
9942 9 20
9943 14
9944 6 19 24
9945 3
9946 8 24
9947 20 32
9948 2
9949 19 24
9950 32
9951 8 27
9952 13 17
9953 13
9954 8
9955 5
9956 19
9957 6
9958 6
9959 5
9960 2 7 16
9961 8
9962 21
9963 16 36
9964 8
9965 15 20 26 29 32
9966 8 19
9967 11
9968 5
9969 32
9970 4 6
9971 19
9972 5
9973 8
9974 6
9975 22
9976 8
9977 8
9978 19
9979 10
9980 5
9981 5
9982 8
9983 24
9984 4
9985 19 35 36
9986 19
9987 6 14 16 37
9988 8
9989 14
9990 2
9991 8
9992 34 38
9993 12
9994 28
9995 19
9996 8
9997 6
9998 8
9999 24
10000 8
10001 8 19
10002 19
10003 36
10004 19
10005 3 6
10006 21
10007 20
10008 3 6
10009 15
10010 2
10011 30
10012 6
10013 24
10014 13 17
10015 8 19
10016 13 17
10017 8
10018 8
10019 8 16
10020 3 6
10021 35
10022 2
10023 28
10024 24
10025 7
10026 6
10027 2
10028 19
10029 19
10030 9
10031 14
10032 26 36
10033 32
10034 2
10035 8 19
10036 16 20
10037 8
10038 13 17 36
10039 11
10040 8
10041 37
10042 6
10043 29
10044 18
10045 3 28 29
10046 14
10047 5
10048 19
10049 13 17
10050 7
10051 7 28
10052 2
10053 23
10054 32
10055 6 14 18 19
10056 9
10057 19
10058 6 8 14
10059 7
10060 5 36
10061 24
10062 15
10063 3
10064 29
10065 7
10066 8
10067 10 19
10068 3
10069 13 17
10070 6
10071 27
10072 6
10073 24
10074 24
10075 30
10076 8 16 19 20
10077 14
10078 6 20
10079 23 24
10080 32
10081 10
10082 5
10083 24
10084 31
10085 8 19
10086 18 32
10087 5
10088 32 37
10089 9
10090 36
10091 8
10092 10
10093 6
10094 29
10095 3
10096 35
10097 5
10098 24 30
10099 25
10100 7
10101 8 24
10102 15
10103 20
10104 22
10105 32
10106 19
10107 19
10108 32
10109 3 5 6 29 32 37
10110 8 16 24
10111 21
10112 8
10113 22
10114 3
10115 8
10116 5
10117 24
10118 19
10119 8 19
10120 2
10121 7
10122 19
10123 19
10124 30
10125 2 4 5 19 24 28
10126 3
10127 6
10128 2
10129 19 25
10130 4
10131 13 17
10132 8
10133 12
10134 14
10135 19
10136 6
10137 16
10138 14
10139 7
10140 5
10141 19
10142 1
10143 16 23
10144 23 29
10145 10
10146 23
10147 6
10148 32
10149 16 21
10150 5
10151 8
10152 23
10153 3 8 13 17 35
10154 5
10155 14
10156 9
10157 22
10158 6
10159 7
10160 19
10161 22 23 32
10162 3
10163 3
10164 5 6 29 32
10165 3
10166 11 25
10167 5
10168 8
10169 6
10170 7 14
10171 32 36
10172 8
10173 24
10174 5 8 11
10175 21
10176 3 6 21
10177 25 34
10178 19
10179 5
10180 3
10181 3
10182 24
10183 21
10184 5
10185 8
10186 2
10187 7 8
10188 7
10189 8 19 32
10190 6
10191 8 19
10192 6
10193 24
10194 20 29
10195 7
10196 23
10197 16
10198 4 5 32
10199 8 19
10200 10 19
10201 13 17
10202 24
10203 16
10204 29
10205 9
10206 21
10207 6
10208 8 18
10209 7
10210 6
10211 16
10212 19
10213 8
10214 6
10215 6
10216 8 24
10217 7
10218 36
10219 3 20
10220 2 13 17
10221 24
10222 6
10223 6 13 17
10224 20 32
10225 5
10226 19
10227 5 24
10228 4
10229 8
10230 21
10231 24
10232 26
10233 26
10234 9
10235 7
10236 6 8 16
10237 7
10238 21
10239 24
10240 7
10241 2
10242 3
10243 5
10244 8 19
10245 18
10246 36
10247 28
10248 3
10249 2
10250 14
10251 3 15
10252 24
10253 19
10254 24
10255 19
10256 19
10257 24
10258 2
10259 6 19
10260 3
10261 6 7 14
10262 8
10263 36
10264 8
10265 21
10266 8 19
10267 13 17 18
10268 18
10269 8 19
10270 22
10271 25
10272 6
10273 29
10274 7
10275 2 8
10276 24
10277 7 22
10278 8 14 19
10279 14
10280 36
10281 4
10282 6
10283 11
10284 10
10285 2 32
10286 8
10287 19
10288 3 5
10289 4
10290 2 10
10291 16
10292 2
10293 2
10294 8 23
10295 25
10296 6
10297 24
10298 29
10299 5
10300 20
10301 32
10302 5
10303 19
10304 8
10305 10 19
10306 24
10307 29
10308 8
10309 29
10310 22 37
10311 16
